BB	-0.05	1.97	c7c5	b8c6	rn1qkb1r/p1pp1ppp/b3pn2/1p6/3P4/1P2PNP1/P1P2P1P/RNBQKB1R b KQkq - 0 5
BB	0.95	0.71	d8c8	h7h5	r2qkb1r/p1pp1ppp/b1n1pn2/1p6/3P4/1P2PNP1/PBP2P1P/RN1QKB1R b KQkq - 2 6
BB	2.02	2.80	a6b7	a8b8	r2qkb1r/p1pp1pp1/b1n1pn2/1p5p/P2P4/1P2PNP1/1BP2P1P/RN1QKB1R b KQkq - 0 7
BB	5.00	0.82	f8e7	f6g4	1r1qkb1r/2pp1pp1/2n1pn2/1p5p/3P4/1P2PNP1/1B3PBP/RN1QK2R b KQk - 1 11
BB	5.62	1.58	d7d5	h8h6	1r1qkb1r/2pp1pp1/2n1p3/1p5p/3P2n1/1P2PNP1/1B3PBP/RN1Q1RK1 b k - 3 12
BB	6.95	0.75	h5h4	b8a8	1r1qkb2/2pp1pp1/2n1p2r/1p5p/3PP1n1/1P3NP1/1B3PBP/RN1Q1RK1 b - - 0 13
BB	7.17	0.57	a8a2	f8e7	q3kb2/2pp1pp1/2n1p2r/1p2P2p/3P2n1/1P3NP1/1B3PBP/1N1Q1RK1 b - - 0 15
BB	7.00	0.52	c6b4	c6b4	4k3/2ppbpp1/2n1p2r/1p2P2p/3P2n1/1P3NPP/qBQ2PB1/1N3RK1 b - - 2 17
BB	7.25	1.58	b4c2	a2a5	4k3/2ppbpp1/4p2r/1p2P2p/1n1P2n1/1PN2NPP/qBQ2PB1/5RK1 b - - 4 18
BB	8.40	2.16	g4f2	c7c5	4k3/2ppbpp1/4p2r/qp2P2p/1n1P2n1/1PN2NPP/1B2QPB1/5RK1 b - - 6 19
BB	9.40	1.65	g4f2	c5c4	4k3/3pbpp1/4p2r/qNp1P2p/1n1P2n1/1P3NPP/1B2QPB1/5RK1 b - - 0 20
BB	-0.75	2.17	c6a5	f6d5	r1bqkb1r/1pp2ppp/p1n2n2/3Pp1N1/2B5/8/PPPP1PPP/RNBQK2R b KQkq - 0 6
BB	-3.42	0.58	d8d5	d8d5	r1bqkb1r/1pp2ppp/p1n5/3Bp1N1/8/8/PPPP1PPP/RNBQK2R b KQkq - 0 7
BB	-3.16	1.76	f7f6	h7h5	r1b1kb1r/1pp2ppp/p1n5/3qp1N1/8/8/PPPP1PPP/RNBQ1RK1 b kq - 1 8
BB	-1.47	1.28	d5d8	d5c4	r1b1kb1r/1pp2pp1/p1n5/3qp1Np/8/2N5/PPPP1PPP/R1BQ1RK1 b kq - 1 9
BB	-0.65	1.76	f7f6	h8h6	r1b1kb1r/1pp2pp1/p1n5/4p1Np/3q4/2NP1P2/PPP3PP/R1BQ1R1K b kq - 2 12
BB	1.93	0.54	d4e5	c6e5	r3k3/1pp1bpp1/p1n4r/4P1Np/3q2b1/2NP4/PPP3PP/R1B1QR1K b q - 0 15
BB	-2.27	5.94	f7h6	g7h6	r3k3/1pp1bnp1/p6B/7p/3q2b1/2NP4/PPP3PP/R3QR1K b q - 0 17
BB	-2.48	0.68	c7c6	a8d8	r3k3/1pp1bn2/p6p/7p/4P1b1/2N5/PPP3PP/R4R1K b q - 0 19
WB	3.66	-1.81	d1d3	a2a4	r1bq1rk1/pppn1ppp/4p3/6P1/3P4/5N2/PPP2PP1/R2QKB1R w KQ - 1 10
WB	3.75	-1.14	d1d2	a1a3	r1bq1rk1/ppp2ppp/1n2p3/6P1/P2P4/5N2/1PP2PP1/R2QKB1R w KQ - 1 11
WB	5.63	-2.27	f3e5	a4a5	r2q1rk1/pppb1ppp/1n2p3/6P1/P2P4/R4N2/1PP2PP1/3QKB1R w K - 3 12
WB	3.67	-2.13	f3e5	d1c1	r2q1rk1/pppb1ppp/4p3/P2n2P1/3P4/R4N2/1PP2PP1/3QKB1R w K - 1 13
WB	3.10	-0.51	c2c4	f3e5	r2q1rk1/pp1b1ppp/2p1p3/P2n2P1/3P4/R4N2/1PP2PP1/2Q1KB1R w K - 0 14
WB	3.91	-3.24	g5f6	e5d7	r2q1rk1/pp1b2pp/2p1pp2/P2nN1P1/3P4/R7/1PP2PP1/2Q1KB1R w K - 0 15
WB	0.88	-2.63	f1d3	h1h3	r4rk1/pp1q2pp/2p1pp2/P2n2P1/3P4/R7/1PP2PP1/2Q1KB1R w K - 0 16
WB	-1.64	-1.04	h3f3	c1g5	r4rk1/pp1q2pp/2p1p3/P2n2p1/3P4/R6R/1PP2PP1/2Q1KB2 w - - 0 17
WB	0.31	-3.27	a3f3	f1e2	r5k1/pp1q2pp/2p1pr2/P2n2Q1/3P4/R6R/1PP2PP1/4KB2 w - - 1 18
WB	-2.81	-0.77	g5e5	h3e3	r5k1/pp1q2pp/2p1pr2/P5Q1/3P1n2/R6R/1PP1BPP1/4K3 w - - 3 19
WB	-0.86	-0.58	e3e2	e1e2	r5k1/pp1q2pp/2p1pr2/P5Q1/3P4/R3R3/1PP1nPP1/4K3 w - - 0 20
WB	-1.17	-4.22	e3f3	e2d2	5rk1/pp1q2pp/2p1pr2/P5Q1/3P4/R3R3/1PP1KPP1/8 w - - 1 21
WB	5.18	-3.15	f1a6	g1f3	r1b1k1nr/pp3ppp/n7/2bN4/8/8/PPP2PPP/R1B1KBNR w KQkq - 1 8
WB	2.81	-1.44	f1b5	d5c3	r3k1nr/pp3ppp/n3b3/2bN4/8/5N2/PPP2PPP/R1B1KB1R w KQkq - 3 9
WB	3.45	-2.81	f1a6	a1d1	r4rk1/pp3ppp/n3bn2/2b5/8/2N1BN2/PPP2PPP/R3KB1R w KQ - 7 11
WB	0.27	-0.66	d1b1	c3c4	2r2rk1/pp3ppp/n3bn2/8/P7/2P1BN2/2P2PPP/3RKB1R w K - 1 14
WB	-0.29	-2.19	f1d3	c2c3	2r2rk1/pp3ppp/4bn2/8/PnP5/4BN2/2P2PPP/3RKB1R w K - 1 15
WB	6.61	-2.95	d2d7	d2d1	4r1k1/pp3ppp/8/8/PPr1n3/4BN2/3RKPPP/1R6 w - - 7 21
WB	0.91	-0.54	d4d5	b1c3	rn1qk2r/pbppb1pp/1p2pn2/5p2/2PP4/5NP1/PP2PPBP/RNBQ1RK1 w kq - 1 7
WB	0.96	-0.61	d4d5	c1f4	rn1q1rk1/pbppb1pp/1p2pn2/5p2/2PP4/2N2NP1/PP2PPBP/R1BQ1RK1 w - - 3 8
WB	1.00	-0.59	d4d5	d1c2	rn1q1rk1/pbp1b1pp/1p1ppn2/5p2/2PP1B2/2N2NP1/PP2PPBP/R2Q1RK1 w - - 0 9
WB	3.56	-6.88	f3g5	f3e5	r2q1rk1/pbpnb1pp/1p1ppn2/5p2/2PP1B2/2N2NP1/PPQ1PPBP/R4RK1 w - - 2 10
WB	-0.11	-4.69	e5d7	g1g2	r2q1rk1/p1pnb1pp/1p1ppn2/4Np2/2PP1B2/2N3P1/PPQ1PPbP/R4RK1 w - - 0 11
WB	0.55	-3.49	f1d1	f2f4	r2q1rk1/p1p3pp/1p1bpn2/4Bp2/2P5/2N3P1/PPQ1PPKP/R4R2 w - - 1 14
WB	-0.07	-0.67	c2d3	c3b5	rq3rk1/p1p3pp/1p1bp3/5p2/2PB1Pn1/2N3P1/PPQ1P1KP/R4R2 w - - 3 16
WB	-0.43	-0.64	g2g1	f1f3	r4rk1/pqp3pp/1p1bp3/1N3p2/2PB1Pn1/6P1/PPQ1P1KP/R4R2 w - - 5 17
WB	-0.39	-6.36	d4c5	a1d1	r4rk1/pqp3pp/1p2p3/1Nb2p2/2PB1Pn1/5RP1/PPQ1P1KP/R7 w - - 7 18
WB	-0.59	-7.51	d4c5	a2a4	3r1rk1/pqp3pp/1p2p3/1Nb2p2/2PB1Pn1/5RP1/PPQ1P1KP/3R4 w - - 9 19
WB	-5.14	-0.52	d4c5	d4c5	3r1rk1/1qp3pp/pp2p3/1Nb2p2/P1PB1Pn1/5RP1/1PQ1P1KP/3R4 w - - 0 20
WB	-1.35	-5.90	c5f2	c5f8	3r1rk1/1qp3pp/1p2p3/1pB2p2/P1P2Pn1/5RP1/1PQ1P1KP/3R4 w - - 0 21
WB	3.34	-1.62	f3g5	f1c4	2kr2nr/pp3ppp/2nbb3/3N4/8/4BN2/PPP2PPP/2KR1B1R w - - 7 11
WB	5.30	-2.30	c4e6	h2h4	1k1r2nr/1p3ppp/pNnbb3/8/2B5/4BN2/PPP2PPP/2KR3R w - - 2 13
WB	5.01	-2.72	c4e6	h4h5	1k1r3r/1p3ppp/pNnbbn2/8/2B4P/4BN2/PPP2PP1/2KR3R w - - 1 14
WB	4.37	-2.62	h1h4	a2a4	1k1r3r/1p3ppp/pNnbb3/7P/2B1n3/4BN2/PPP2PP1/2KR3R w - - 1 15
WB	2.34	-4.10	e3c5	h5h6	1k1r3r/1p3ppp/pNn1b3/2b4P/P1B1n3/4BN2/1PP2PP1/2KR3R w - - 1 16
WB	3.68	-6.96	e3c5	c1b1	1k1r3r/1p3p1p/pNn1b1pP/2b5/P1B1n3/4BN2/1PP2PP1/2KR3R w - - 0 17
WB	0.07	-0.61	f1d3	f3g5	r2qkb1r/pp1n1ppp/2p1pn2/3p1b2/P2P1B1P/2N1PN2/1PP2PP1/R2QKB1R w KQkq - 0 8
WB	-1.08	-1.81	f1d3	g2g3	r2qk2r/pp1n1ppp/2p1pn2/3p1bN1/Pb1P1B1P/2N1P3/1PP2PP1/R2QKB1R w KQkq - 2 9
WB	-3.04	-3.12	f3d2	f3e5	r2qk2r/pp1n1pp1/2p1p2p/3p1b2/Pb1PnB1P/2N1PNP1/1PP2P2/R2QKB1R w KQkq - 2 11
WB	-6.21	-0.89	a1a2	f1h3	r2qk2r/pp3pp1/2p1p2p/3pP3/P4B1P/4P1P1/2b1KP2/Q4B1R w kq - 0 16
WB	-7.17	-1.57	h3g2	e3e4	r3k2r/pp3pp1/2p1p2p/q2pP3/P4B1P/4P1PB/2b1KP2/Q6R w kq - 2 17
WB	-9.58	-990.41	a1b2	e4d5	r3k2r/pp3pp1/2p1p2p/3pP3/P3PB1P/1b1q2PB/5P2/Q1K4R w kq - 5 20
BB	-0.95	1.01	c8d7	c8e6	r1bqkb1r/ppp1pppp/2n2n2/1B6/3Pp3/2N1B3/PPP2PPP/R2QK1NR b KQkq - 3 5
BB	-0.50	0.76	a7a6	e7e6	r2qkb1r/ppp1ppp1/2n2n2/1B5p/3PpNb1/2N1B3/PPPQ1PPP/R3K2R b KQkq - 3 8
BB	-0.74	2.64	a7a6	a7a5	r2qkb1r/ppp2pp1/2n1pn2/1B5p/3PpNb1/P1N1B3/1PPQ1PPP/R3K2R b KQkq - 0 9
BB	0.07	1.60	f8d6	h8h6	r2qkb1r/1pp2pp1/2n1pn2/pB5p/3PpNb1/P1N1B3/1PPQ1PPP/R4RK1 b kq - 1 10
BB	0.87	1.30	e4f3	g4f5	r2qkb2/1pp2pp1/2n1pn1r/pB5p/3PpNb1/P1N1BP2/1PPQ2PP/R4RK1 b q - 0 11
BB	0.00	3.41	f5g4	f6g4	r2qkb2/1pp2pp1/2n1pn1r/pB3b1p/3P1N2/P1N1BR2/1PPQ2PP/3R2K1 b q - 0 13
BB	3.76	1.77	e6d5	g4e3	r2qkb2/1pp2pp1/2n1p2r/pB1P1b1p/5Nn1/P1N1BR2/1PPQ2PP/3R2K1 b q - 0 14
BB	5.21	1.80	f8c5	d8d6	r2qkb2/1pp2pp1/2n1p2r/pB1P1b1p/5N2/P1N1R3/1PPQ2PP/3R2K1 b q - 0 15
BB	7.21	992.78	b7b6	d6f4	r3kb2/1pp2pp1/2Pqp2r/pB3b1p/5N2/P1N1R3/1PPQ2PP/3R2K1 b q - 0 16
BB	-2.20	5.29	h7h6	h7h5	r1bqkb1r/pp1p1ppp/2n1pn2/4P1B1/8/2P2N2/P4PPP/RN1QKB1R b KQkq - 0 7
BB	-4.80	1.13	c6d4	f6e5	r1b1kb1r/pp1p1p2/2n1pq2/7p/3N4/2P5/P4PPP/RN1QKB1R b KQkq - 1 10
BB	-3.89	1.45	c6d4	a8b8	r1b1kb1r/pp1p1p2/2n1p3/4q2p/3N4/2P5/P3BPPP/RN1QK2R b KQkq - 3 11
BB	-2.87	0.65	f8g7	b7b6	1rb1kb1r/pp1p1p2/2n1p3/4q2p/3N4/2PQ4/P3BPPP/RN2K2R b KQk - 5 12
BB	-2.43	1.25	c8b7	h5h4	1rb1kb1r/p2p1p2/1pn1p3/4q2p/3N4/2PQ4/P2NBPPP/R3K2R b KQk - 1 13
BB	-4.16	9.91	c6d4	d5a2	1rb1kb1r/p2p1p2/1pn1p3/3q4/3N3p/2PQ1N2/P3BPPP/3RK2R b Kk - 3 15
BB	-5.90	10.34	e6f6	e6e5	1rb1kb1r/p2p1p2/1pn1q3/8/3N3p/2PQ4/4BPPP/3RK2R b Kk - 1 17
BB	4.48	995.51	e5f4	d7c6	1rb1kb1r/p2p1p2/1pN5/4q3/7p/2PQ4/4BPPP/3RK2R b Kk - 0 18
BB	-1.40	0.83	f6d7	f6g4	r1bqkb1r/pp3ppp/2n1pn2/2ppP3/8/2NPBN2/PPP2PPP/R2QKB1R b KQkq - 0 6
BB	-4.45	3.10	d5d4	g4e5	r1bqkb1r/pp3ppp/2n1p3/2ppP3/6n1/2NPBN2/PPPQ1PPP/R3KB1R b KQkq - 2 7
BB	-1.75	2.48	e5c6	e5c4	r1bqkb1r/pp3ppp/4p3/2ppn3/3P4/2N1B3/PPPQ1PPP/R3KB1R b KQkq - 0 9
BB	-3.33	1.05	f8e7	c5c4	r1bqkb1r/pp3ppp/4p3/2pp4/3P4/2N1Q3/PPP2PPP/R3KB1R b KQkq - 0 11
BB	-3.80	1.48	f8e7	h7h5	r1bqkb1r/pp3ppp/4p3/3p4/2pP4/2N1Q3/PPP2PPP/2KR1B1R b kq - 1 12
BB	-2.87	1.05	f8e7	h8h6	r1bqkb1r/pp3pp1/4p3/3p3p/2pP4/2N1Q1P1/PPP2P1P/2KR1B1R b kq - 0 13
BB	-2.18	0.91	e8f8	c8d7	r1bqk3/pp2bpp1/4p2r/3p3p/2pP1P2/2N1Q1P1/PPP3BP/2KR3R b q - 0 15
BB	-2.16	0.77	b7b5	a8c8	r2qk3/pp1bbpp1/4p2r/3p3p/2pP1P1P/2N1Q1P1/PPP3B1/2KR3R b q - 0 16
BB	-3.11	0.99	b7b5	e8f8	2rqk3/pp1bbpp1/4p2r/3p3p/2pP1P1P/2N1Q1P1/PPP3B1/2KRR3 b - - 2 17
BB	-2.89	1.79	h6f6	d7e8	2rq1k2/pp1bbpp1/4p2r/3p3p/2pP1P1P/2N1Q1P1/PPP3B1/1K1RR3 b - - 4 18
BB	-2.25	2.25	f7f5	d8c7	2rqbk2/pp2bpp1/4p2r/3p3p/2pP1P1P/P1N1Q1P1/1PP3B1/1K1RR3 b - - 0 19
BB	-1.06	1.56	g4f3	g4d7	r2qkb1r/pp2pppp/2n2n2/3p4/3P1Bb1/2N2N1P/PPP2PP1/R2QKB1R b KQkq - 0 7
BB	0.17	1.15	f8e7	h7h5	r2qkb1r/pp1b1ppp/2n1pn2/1B1p4/3P1B2/2N2N1P/PPP2PP1/R2Q1RK1 b kq - 1 9
BB	1.18	3.79	f8b4	d8b6	r2qkb1r/1p1b1pp1/p1n1pn2/3p2B1/B2P3p/2N2N1P/PPP2PP1/R2QR1K1 b kq - 1 12
BB	2.80	3.37	f8g7	e6e5	r2qkb1r/1p1b1p2/p1n1pp2/3N4/B2P3p/7P/PPP2PPN/R2QR1K1 b kq - 2 15
BB	4.19	3.03	d7e6	h8g8	r2qkb1r/1p1b1p2/p1n2p2/3Np3/B2P3p/2P4P/PP3PPN/R2QR1K1 b kq - 0 16
BB	6.10	1.83	d7g4	d7e6	r2qk3/1p1b1pb1/p1n2pr1/3Np3/3P2Np/2P2Q1P/PPB2PP1/R3R1K1 b q - 6 19
BB	-1.26	2.32	d5d4	d5e4	r1bqkb1r/pp3ppp/2n2n2/2Ppp3/4P3/2N2N2/PPP2PPP/R1BQKB1R b KQkq - 0 6
BB	-5.32	1.09	f7f6	d8c7	r1bk1b1r/pp3ppp/2n5/1Bn1p3/8/5N2/PPP2PPP/R1B1K2R b KQ - 1 10
BB	-5.30	0.59	f7f6	c8e6	r1b2b1r/ppk2ppp/2n5/1Bn1p3/8/4BN2/PPP2PPP/R3K2R b KQ - 3 11
BB	-5.39	1.90	f7f6	e6a2	r4b1r/ppk2ppp/2n1b3/1Bn1p3/8/4BN2/PPP2PPP/2KR3R b - - 5 12
BB	-6.01	1.89	c5e4	f8e7	r4b1r/ppk2ppp/2n5/1Bn1p3/8/4BN2/bPPR1PPP/2K4R b - - 1 13
BB	-7.44	6.86	c5e4	c7b6	r6r/ppk1bppp/2n1b3/1Bn1p3/1P6/4BN2/2PR1PPP/2KR4 b - - 0 15
WB	3.40	-3.40	g2e4	c1f4	r3kb1r/ppp2ppp/8/4Nb2/4n3/2N3P1/PPn2PBP/R1B1R1K1 w kq - 0 12
WB	0.29	-6.04	e4e2	e5g6	r3kb1r/ppp3pp/8/4Np2/4RB2/2N3P1/PP3P1P/n5K1 w kq - 0 15
WB	-6.82	-1.27	f4d6	c3e4	r3k2N/ppp3pp/3b4/8/4pB2/2N3P1/PP3P1P/n5K1 w q - 1 17
WB	-8.83	-0.51	f4f5	a2a4	3r4/ppp1k1p1/6p1/8/5P2/6N1/PP3P1P/n5K1 w - - 2 21
WB	2.22	-3.34	a2a3	a2a4	r1bq1rk1/ppp2ppp/2n5/b1Pp4/3Pn3/3B1N2/PP3PPP/RNBQ1RK1 w - - 1 10
WB	-0.96	-2.59	g5e3	g5d2	r2q1rk1/ppp3pp/5p2/b1Pp1bB1/Pn1Pn3/R2B1N2/1P3PPP/1N1Q1RK1 w - - 0 13
WB	-3.39	-0.86	a3d3	d2a5	r2q1rk1/ppp3pp/5p2/b1Pp1b2/P2Pn3/R2n1N2/1P1B1PPP/1N1Q1RK1 w - - 0 14
WB	-3.96	-0.71	d1e1	d1c2	r2q1rk1/ppp3pp/5p2/B1Pp1b2/P2Pn3/R4N2/1n3PPP/1N1Q1RK1 w - - 0 15
WB	-4.63	-1.76	f3h4	a5d2	r2q1rk1/ppp3pp/5p2/B1Pp1b2/P1nPn3/R4N2/2Q2PPP/1N3RK1 w - - 2 16
WB	-5.25	-2.21	a3b3	g1f1	r2q1rk1/ppp3pp/5p2/2Pp1Q2/P1nP4/R4N2/5PPP/1N3nK1 w - - 0 18
WB	-7.97	-0.68	g2g3	d3b3	r4rk1/pp4pp/2p2p2/q1Pp4/P2P4/N2Q1N2/5PPP/5K2 w - - 2 21
BB	0.08	0.79	d8d7	e8f8	r2qk1nr/pp2ppb1/2np2p1/2p2bBp/2P5/2NP1NP1/PP2PPBP/R2Q1RK1 b kq - 1 8
BB	-0.82	1.38	f5g4	f5e6	r2q1knr/pp2ppb1/3p2p1/2p2bBp/2PnP3/2NP1NP1/PP3PBP/R2QR1K1 b - - 0 10
BB	-6.40	6.69	d4f3	a7a5	r2q1knr/pp2ppb1/3pb1p1/2p3Bp/2PnP3/1PNP1NP1/P4PBP/R2QR1K1 b - - 0 11
BB	-6.80	0.82	h5h4	g8f6	r2q1knr/1p2pp2/3pb1p1/p1p4p/2P1P3/1P1PB1P1/P4PBP/2R1Q1K1 b - - 0 15
BB	-7.00	1.12	h5h4	f8g7	r2q1k1r/1p2pp2/3pbnp1/p1p4p/2P1P3/1P1PB1P1/P2Q1PBP/2R3K1 b - - 2 16
BB	-7.09	0.80	h5h4	d8b6	r2q3r/1p2ppk1/3pbnp1/p1p4p/2P1PP2/1P1PB1P1/P2Q2BP/2R3K1 b - - 0 17
WB	1.33	-1.15	e1g1	b1c3	r1b1kb1r/ppp2ppp/2n1pn2/3q4/Q1pP4/5NP1/PP2PPBP/RNB1K2R w KQkq - 4 7
WB	0.26	-0.81	f3h4	a2a3	r1b1k2r/ppp2ppp/2n1pn2/3q4/QbpP4/2N2NP1/PP2PPBP/R1B1K2R w KQkq - 6 8
WB	2.62	-1.87	f3h4	e1g1	2kr3r/pbp2ppp/2n1pn2/1p1q4/2pP4/P1P2NP1/2Q1PPBP/1RB1K2R w K - 4 12
WB	5.20	-2.83	f3h4	c1f4	2kr3r/1bp2ppp/2n1pn2/pp1q4/2pP4/P1P2NP1/2Q1PPBP/1RB2RK1 w - - 0 13
WB	4.75	-10.69	f3h4	f3e5	2krr3/1bp2ppp/2n1pn2/pp1q4/2pP1B2/P1P2NP1/2Q1PPBP/1R3RK1 w - - 2 14
BB	0.45	0.81	e5d4	d6d5	r3rbk1/1bpq1pp1/p1np1n1p/1p2p3/P2PP3/2P2N1P/1P1N1PP1/RBBQR1K1 b - - 3 14
BB	1.12	2.86	e5e7	e5e4	b4bk1/2pq1pp1/5n1p/1p1pr3/4P3/2P2N1P/1P3PP1/1BBQR1K1 b - - 1 19
WB	2.65	-1.53	e3e4	d1c2	rn2kb1r/p1q1pppp/4bn2/8/2pP4/2N1PN2/5PPP/R1BQKB1R w KQkq - 2 10
WB	0.97	-1.03	c3b5	h2h4	r3kb1r/2q1pppp/2n1bn2/p7/2pP4/2N1PN2/2Q2PPP/1RB1KB1R w Kkq - 0 12
WB	0.56	-8.80	c3b5	a4a3	r3kb1r/2qbpppp/5n2/p7/QnpP3P/2N1PN2/5PP1/1RB1KB1R w Kkq - 3 14
WB	-7.78	-0.53	e1d2	e1d2	r3kb1r/2qbpppp/5n2/p7/2pP3P/Q1N1PN2/2n2PP1/1RB1KB1R w Kkq - 5 15
WB	-7.91	-3.40	b1b5	f3e5	r3kb1r/2q1pppp/5n2/p4b2/2pP3P/B1N1PN2/3K1PP1/1R3B1R w kq - 1 17
WB	-10.40	-1.41	f1c4	c3b1	r3kb1r/2q1pppp/5n2/p3N3/2pP3P/B1N1P3/3K1PP1/1b3B1R w kq - 0 18
WB	-11.31	-0.70	d2e1	d2e1	r3kb1r/2q1pppp/8/p3N3/2pPn2P/B3P3/3K1PP1/1N3B1R w kq - 1 19
BB	-0.12	0.91	g4f3	g4f5	r2qkb1r/pp3ppp/2n1pn2/1B1p4/3P1Bb1/2N2N1P/PPP2PP1/R2QK2R b KQkq - 0 8
BB	-0.26	0.80	f5d3	h7h5	r2qkb1r/pp3ppp/2n1pn2/3p1b2/3P1B2/2NB1N1P/PPP2PP1/R2QK2R b KQkq - 2 9
BB	-0.59	5.13	d8a5	f6e4	r2qkb1r/pp3pp1/2n2n2/1N1p1p1p/3P1B2/5N1P/PPP2PP1/R2QK2R b KQkq - 1 11
BB	4.59	0.79	g7g5	d8a8	N2q1b1r/pp1k1pp1/2n5/3p1p1p/3PnB2/5N1P/PPP2PP1/R2QK2R b KQ - 0 13
BB	4.32	1.12	c6e5	d7e6	q4b1r/pp1k1pp1/2n5/3pNp1p/3PnB2/7P/PPP2PP1/R2QK2R b KQ - 1 14
BB	3.41	1.69	g7g5	f8d6	q4b1r/p4pp1/2p1k3/3p1p1p/3PnB2/7P/PPP2PP1/R2Q1RK1 b - - 1 16
BB	4.51	1.59	e4g5	e4f6	q6r/p4pp1/2pk4/3p1p1p/3Pn3/5P1P/PPP3P1/R2Q1RK1 b - - 0 18
BB	4.90	1.99	d6d7	a8b8	q6r/p4pp1/2pk1n2/3p1p1p/3P4/5P1P/PPP3P1/R3QRK1 b - - 2 19
BB	-5.51	5.04	g4e3	e6a2	r2qkb1r/1p3ppp/2n1b3/2P5/1P1pP1n1/8/NBPNP1PP/RQ2KB1R b KQkq - 0 13
BB	-0.47	2.28	a8a2	c6b4	r2qkb1r/1p3ppp/2n5/2P5/1P1pP1n1/8/RBPNP1PP/1Q2KB1R b Kkq - 0 14
BB	2.09	1.50	a8a4	b4c6	q3kb1r/1p3ppp/8/2P5/1n1BP1n1/8/2PNP1PP/1Q2KB1R b Kk - 0 16
BB	3.62	2.73	f8e7	c6d4	q3kb1r/1p3ppp/2n5/2P5/3BP1n1/4P3/2PN2PP/1Q2KB1R b Kk - 0 17
BB	6.17	1.55	a8a5	h7h5	q3kb1r/1p3ppp/8/2P5/3PP1n1/8/2PN2PP/1Q2KB1R b Kk - 0 18
WB	3.57	-1.34	d1b3	e2e3	r2qkb1r/ppp2ppp/5n2/3pB3/3P4/2P5/PP2PPPP/1R1QKB1R w Kkq - 1 8
WB	4.59	-2.06	d1b3	h2h4	r2qkb1r/ppp2ppp/8/3pB3/3Pn3/2P1P3/PP3PPP/1R1QKB1R w Kkq - 1 9
WB	3.12	-1.70	e5f4	d1a4	r2qkb1r/ppp3pp/5p2/3pB3/3Pn2P/2P1P3/PP3PP1/1R1QKB1R w Kkq - 0 10
WB	2.83	-1.28	f2f3	b1d1	r2qkb1r/pp4pp/2p5/3p1p2/Q2PnB1P/2P1P3/PP3PP1/1R2KB1R w Kkq - 0 12
WB	6.09	-2.20	c3c4	h7h3	r3k1r1/pp4bR/2p5/3pBpq1/Q2Pn3/2P1P3/PP3PP1/3RKB2 w q - 1 16
WB	9.37	-5.97	e3e4	a4e4	r3k1r1/pp6/2p5/3RP3/Q3nq2/2P1R3/PP3PP1/4KB2 w q - 1 20
WB	3.36	-3.36	g2e4	c1f4	r3kb1r/ppp2ppp/8/4Nb2/4n3/2N3P1/PPn2PBP/R1B1R1K1 w kq - 0 12
WB	0.18	-6.31	e4e2	e5g6	r3kb1r/ppp3pp/8/4Np2/4RB2/2N3P1/PP3P1P/n5K1 w kq - 0 15
WB	-6.91	-1.22	f4g5	c3e4	r3k2N/ppp3pp/3b4/8/4pB2/2N3P1/PP3P1P/n5K1 w q - 1 17
WB	-8.68	-0.76	f4f5	a2a4	3r4/ppp1k1p1/6p1/8/5P2/6N1/PP3P1P/n5K1 w - - 2 21
WB	1.29	-1.18	c2c3	a2a4	r1b1k2r/ppp2ppp/2n1pq2/8/1b1P4/5N2/PPPB1PPP/R2QKB1R w KQkq - 4 8
WB	0.40	-1.22	c2c3	h2h4	r1b2rk1/ppp2ppp/2n1pq2/8/Pb1P4/5N2/1PPB1PPP/R2QKB1R w KQ - 1 9
WB	1.47	-0.78	d2g5	d2e3	r1b2rk1/1pp1bppp/2n1pq2/p7/P2P3P/2P2N2/1P1B1PP1/R2QKB1R w KQ - 1 11
WB	0.72	-0.95	d4d5	d4e5	r1b2rk1/1pp1bppp/2n2q2/p3p3/P2P3P/2P1BN2/1P3PP1/R2QKB1R w KQ - 0 12
WB	1.02	-0.66	d1d3	h4h5	r1b2rk1/1pp1bppp/2n3q1/p3P3/P6P/2P1BN2/1P3PP1/R2QKB1R w KQ - 1 13
WB	1.59	-0.91	d1d3	d1d5	r1b2rk1/1pp1bppp/2n5/p3Pq1P/P7/2P1BN2/1P3PP1/R2QKB1R w KQ - 1 14
WB	1.51	-0.61	f1d3	a1d1	1r3rk1/1pp1bppp/2n1b3/pQ2Pq1P/P7/2P1BN2/1P3PP1/R3KB1R w KQ - 5 16
WB	0.85	-7.34	f1e2	h1h3	1r1r2k1/1pp1bppp/2n1b3/pQ2Pq1P/P7/2P1BN2/1P3PP1/3RKB1R w K - 7 17
WB	-1.41	-998.52	d1c1	d1e1	3r2k1/1pp1bppp/2n1b3/pQ2Pq1P/P7/2P1BN1R/1P3PP1/3K1B2 w - - 1 19
WB	-7.73	-992.26	f3d2	h3g3	3r2k1/1pp1bppp/2n1b3/pQ2P2P/P7/2P1BN1R/1Pq2PP1/4KB2 w - - 3 20
WB	0.31	-0.52	c2c3	b1c3	rnbqk1nr/ppp2ppp/4p3/3p4/1b1P4/5NP1/PPP1PP1P/RNBQKB1R w KQkq - 2 4
WB	-0.14	-1.71	a2a3	h1g1	rnbq1rk1/ppp2ppp/4pn2/3p4/1b1P4/2NQ1NP1/PPP1PP1P/R1B1KB1R w KQ - 6 6
WB	-1.04	-2.09	a2a3	a2a4	rnbqr1k1/ppp2ppp/4pn2/3p4/1b1P4/2NQ1NP1/PPP1PP1P/R1B1KBR1 w Q - 8 7
WB	2.79	-5.26	g4g5	g1g3	rnbqr1k1/1pp2pp1/4pn1p/p2p4/Pb1P2P1/2NQ1N2/1PP1PP1P/R1B1KBR1 w Q - 0 9
WB	-0.57	-3.81	g4g5	h2h4	rnbqr1k1/2p2pp1/1p2p2p/p2p4/Pb1Pn1P1/2NQ1N2/1PP1PP1P/R1B1KBR1 w Q - 0 11
WB	-4.18	-1.12	d3d1	d3e3	rn1qr1k1/2p2pp1/bp2p2p/p2p4/Pb1Pn1PP/2NQ1N2/1PP1PP2/R1B1KBR1 w Q - 1 12
WB	-1.41	-5.66	g4g5	h4h5	r2qr1k1/2pn1pp1/bp2p2p/p2p4/Pb1Pn1PP/2N1QN2/1PP1PP2/R1B1KBR1 w Q - 3 13
WB	-2.00	-0.86	g4g5	f3e5	r2qr1k1/2p2pp1/bp2pn1p/p2p3P/Pb1Pn1P1/2N1QN2/1PP1PP2/R1B1KBR1 w Q - 1 14
WB	-0.77	-3.45	e5c6	e3f3	r2qr1k1/2pn1pp1/bp2p2p/p2pN2P/Pb1Pn1P1/2N1Q3/1PP1PP2/R1B1KBR1 w Q - 3 15
WB	-3.41	-4.69	c1f4	g1h1	r2qr1k1/1bp2pp1/1p2p2p/p2pP2P/Pb2n1P1/2N2Q2/1PP1PP2/R1B1KBR1 w Q - 1 17
WB	-8.14	-8.49	f1g2	c1d2	r2qr1k1/1bp2pp1/1p2p2p/p3P2P/Pb1pn1P1/2N2Q2/1PP1PP2/R1B1KB1R w Q - 0 18
WB	-14.36	-985.59	b2c3	e1c1	r2qr1k1/1Qp2pp1/1p2p2p/p3P2P/Pb4P1/2p5/1PPnPP2/R3KB1R w Q - 0 20
WB	-15.25	-984.69	b7e4	b7c6	1r1qr1k1/1Qp2pp1/1p2p2p/p3P2P/Pb4P1/2p5/1PPnPP2/2KR1B1R w - - 2 21
BB	-5.20	0.68	a7a5	b8c6	rnb4r/pp2kppp/3b1n2/4p3/1P2P1P1/2P2P2/PB2N2P/R3KB1R b KQ - 0 12
BB	-5.06	0.77	f6d7	f6e8	r1b4r/pp2kppp/2nb1n2/4p1P1/1P2P3/2P2P2/PB2N2P/R3KB1R b KQ - 0 13
BB	-5.01	0.85	g7g6	e7d7	r6r/ppn1kppp/2nbb3/4p1P1/PP2P3/2P2PN1/1B4BP/R3K2R b KQ - 4 16
BB	-4.44	1.08	d7e8	d7c8	r4b1r/ppnk1ppp/2n1b3/4pNP1/PP2P3/2P2P2/1B4BP/2KR3R b - - 8 18
BB	-4.62	2.91	f8d6	c6d4	rk3b1r/ppn2ppp/2nNb3/1P2p1P1/P3P3/2P2P2/1B4BP/2KR3R b - - 0 20
BB	-2.52	1.34	c8g4	g8f6	r1b1kbnr/ppp1qppp/2n5/8/3pP3/2PB1N2/PP4PP/RNBQK2R b KQkq - 2 7
BB	-1.40	5.41	c8g4	e7d6	r1b1kb1r/ppp1qppp/2n2n2/8/3pP3/2PB1N2/PP4PP/RNBQ1RK1 b kq - 4 8
BB	-2.86	11.03	f8c5	f6e4	r1b1kb1r/ppp2ppp/5n2/8/3qP3/3B4/PP4PP/RNBQ1R1K b kq - 1 11
BB	7.45	0.57	c8d7	c8d7	r1b1kb1r/pppB1ppp/8/8/4n3/8/PP4PP/RNBQ1R1K b kq - 0 13
BB	5.63	2.72	b4c3	e8g8	r3k2r/ppp2ppp/2b5/8/1b2n3/2N5/PP1B2PP/R3QR1K b kq - 5 16
BB	8.36	1.80	e8e2	h7h5	2r1r1k1/ppp2ppp/2b5/8/2N5/6Q1/PP4PP/R4R1K b - - 4 20
WB	1.27	-1.12	e5f6	e2e3	r1bqkbnr/ppp3pp/2n2p2/4P3/2Pp4/P4N2/1P2PPPP/RNBQKB1R w KQkq - 0 6
WB	0.18	-1.34	e3d4	c1d2	r1bqkbnr/ppp3pp/2n5/4p3/2Pp4/P3PN2/1P3PPP/RNBQKB1R w KQkq - 0 7
WB	-0.63	-2.06	e3d4	h2h4	r1bqkb1r/ppp3pp/2n2n2/4p3/2Pp4/P3PN2/1P1B1PPP/RN1QKB1R w KQkq - 2 8
WB	-2.72	-4.39	d1c2	a3a4	r2qkb1r/ppp3pp/2n2n2/4p3/2Pp2bP/P3PN2/1P1B1PP1/RN1QKB1R w KQkq - 1 9
WB	-3.46	-3.55	d1b3	b1a3	r2qkb1r/ppp3pp/2n2n2/4p3/P1P3bP/3pPN2/1P1B1PP1/RN1QKB1R w KQkq - 0 10
WB	-6.56	-1.10	d1b3	a3b5	r2qkb1r/ppp3pp/2n2n2/8/P1P1p1bP/N2pPN2/1P1B1PP1/R2QKB1R w KQkq - 0 11
WB	-4.28	-0.88	d1d3	f1d3	r2qk2r/ppp1b1pp/2n2n2/1N5b/P1P4P/2BpPP2/1P3P2/R2QKB1R w KQkq - 3 14
WB	-4.36	-2.94	d3e2	e1e2	r2q1rk1/ppp1b1pp/2n2n2/1N5b/P1P4P/2BBPP2/1P3P2/R2QK2R w KQ - 1 15
WB	-5.06	-0.99	d4f6	d4c3	r2q1rk1/1p2b1pp/p4n2/2p4b/P1PB3P/3BPP2/1P2KP2/R2Q3R w - - 0 18
WB	-5.13	-3.12	h1h3	d1b3	r4rk1/1pq1b1pp/p4n2/2p4b/P1P4P/2BBPP2/1P2KP2/R2Q3R w - - 2 19
WB	-4.93	-3.75	b3c2	h3g3	3r1rk1/1p2b1pp/p1q2n2/2p4b/P1P4P/1QBBPP1R/1P2KP2/R7 w - - 6 21
WB	0.54	-1.04	a2a3	a2a4	rnbqk2r/pp1p1ppp/2p2n2/8/1bPQ4/2N2N2/PP2PPPP/R1B1KB1R w KQkq - 3 6
WB	1.31	-1.31	c1a3	h2h4	rnbqk2r/pp3ppp/2p2n2/3p4/P1PQ4/2P2N2/4PPPP/R1B1KB1R w KQkq - 0 8
WB	1.75	-1.09	c1a3	h4h5	rn1qk2r/pp3ppp/2p2n2/3p1b2/P1PQ3P/2P2N2/4PPP1/R1B1KB1R w KQkq - 1 9
WB	0.71	-0.54	c4d5	h1h4	rn1q1rk1/pp3ppp/2p2n2/3p1b1P/P1PQ4/2P2N2/4PPP1/R1B1KB1R w KQ - 1 10
WB	1.07	-1.72	h5h6	g2g3	rn1q1rk1/pp3ppp/2p2n2/3p3P/P1PQb2R/2P2N2/4PPP1/R1B1KB2 w Q - 3 11
WB	-0.23	-1.07	h5h6	a4a5	r2q1rk1/pp1n1ppp/2p2n2/3p3P/P1PQb2R/2P2NP1/4PP2/R1B1KB2 w Q - 1 12
WB	-0.52	-1.92	c4d5	a5a6	r2q1rk1/p2n1ppp/1pp2n2/P2p3P/2PQb2R/2P2NP1/4PP2/R1B1KB2 w Q - 0 13
WB	-1.44	-2.16	d4d1	d4e3	r2q1rk1/p2n1ppp/Pp3n2/2pp3P/2PQb2R/2P2NP1/4PP2/R1B1KB2 w Q - 0 14
WB	-3.55	-1.03	f1g2	c4d5	r2qr1k1/p2n1ppp/Pp3n2/2pp3P/2P1b2R/2P1QNP1/4PP2/R1B1KB2 w Q - 2 15
WB	-6.09	-0.63	h5h6	e3d3	r2qr1k1/p2n1ppp/Pp3n2/2pb3P/7R/2P1QNP1/4PP2/R1B1KB2 w Q - 0 16
WB	-3.61	-3.22	h4e4	d3e3	r2qr1k1/p2n1ppp/Pp3n2/2p4P/4b2R/2PQ1NP1/4PP2/R1B1KB2 w Q - 2 17
WB	-6.55	-0.85	f3e3	f3f5	r2qr1k1/p4ppp/Pp3n2/2p1n2P/7R/2P2QP1/4PP2/R1B1KB2 w Q - 1 19
WB	-2.95	-6.25	c1e3	h4a4	r3r1k1/p4ppp/Pp3n2/2pqnQ1P/7R/2P3P1/4PP2/R1B1KB2 w Q - 3 20
WB	-6.71	-993.28	c1e3	e2e3	3rr1k1/p4ppp/Pp3n2/2pqnQ1P/R7/2P3P1/4PP2/R1B1KB2 w Q - 5 21
BB	0.04	1.56	d7d5	h7h5	r1bqkbnr/pppp1ppp/2n1p3/8/2PPP3/8/PP3PPP/RNBQKBNR b KQkq - 0 3
BB	0.79	0.69	e6g4	f8b4	r2qkbnr/ppp2pp1/2n1b3/3pP2p/3P4/3B1N2/PP3PPP/RNBQK2R b KQkq - 2 7
BB	1.44	0.95	g8e7	a7a5	r2qk1nr/ppp2pp1/2n1b3/3pP2p/1b1P4/2NB1N2/PP3PPP/R1BQK2R b KQkq - 4 8
BB	2.19	1.14	b4e7	e8d7	r2qk1nr/1pp2pp1/2n1b3/p2pP2p/1b1P4/2NB1N2/PP3PPP/R1BQ1RK1 b kq - 1 9
BB	2.93	0.70	d7c8	g8h6	r2q2nr/1ppk1pp1/2n1b3/p2pP2p/Qb1P4/2NB1N2/PP3PPP/R1B2RK1 b - - 3 10
BB	3.42	1.07	a8b8	h6g4	r2q3r/1ppk1pp1/2n1b2n/pB1pP2p/Qb1P4/2N2N2/PP3PPP/R1B2RK1 b - - 5 11
BB	2.00	1.06	g4h6	d8b8	r2q3r/2pkbpp1/2p1b3/p2pP2p/Q2P2n1/P4N2/1P2NPPP/R1B2RK1 b - - 1 14
BB	2.24	0.59	a5a4	b8b5	rq5r/2pkbpp1/2p1b3/p2pP2p/3P2n1/P4N2/1PQ1NPPP/R1B2RK1 b - - 3 15
BB	0.00	0.94	h8b8	a5a4	r6r/2pkbpp1/2p1b3/pq1pP2p/3P4/P3PN2/1PQ1N1PP/R4RK1 b - - 0 17
BB	0.00	1.33	h4h3	b5b3	r6r/2pkbpp1/2p1b3/1q1pP3/p2P3p/P3PN2/1P1QN1PP/2R2RK1 b - - 1 19
WB	0.07	-0.51	d2d3	b1c3	r1bqk2r/1pp1bppp/p1p2n2/4p3/4P3/5N2/PPPP1PPP/RNBQ1RK1 w kq - 0 7
WB	0.42	-0.66	d2d4	e5g6	r2qk2r/1pp1bppp/p1p2nb1/4N3/6P1/2N4P/PPPP1P2/R1BQR1K1 w kq - 2 12
WB	-0.15	-5.01	g1g2	a2a4	2kr3r/1ppq1pp1/p1pb1np1/8/5BP1/2NP1Q1P/PPP2P2/R3R1K1 w - - 3 16
WB	-5.09	-1.92	g1g2	g4g5	2kr4/1ppq1pp1/p1p2np1/8/P4QP1/2NP3r/1PP2P2/R3R1K1 w - - 0 18
WB	-7.56	-992.42	g1f1	g5f6	2k4r/1ppq1pp1/p1p2np1/6P1/P4Q2/2NP3r/1PP2P2/R3R1K1 w - - 1 19
BB	-0.81	2.92	f6d7	f6e4	r1bqkb1r/p4ppp/2p1pn2/3pP3/8/2N5/PPP1BPPP/R1BQK2R b KQkq - 0 8
BB	0.99	1.01	d8c7	d8e8	r1bk1b1r/p4ppp/2p1p3/4P3/4p3/8/PPP1BPPP/R1B2RK1 b - - 1 11
BB	0.50	0.51	f8c5	e4f3	r1b1kb1r/p4ppp/2p1p3/4P3/4p3/5P2/PPP1B1PP/R1B2RK1 b - - 0 12
BB	0.35	3.38	b8b2	a7a5	1rb1kb1r/p4ppp/2p1p3/4P3/8/4BR2/PPP1B1PP/R5K1 b - - 2 14
BB	2.21	2.04	f8e7	h7h5	1rb1kb1r/5ppp/2p1p3/p3P3/8/1P2BR2/P1P1B1PP/R5K1 b - - 0 15
BB	4.26	1.81	b7c7	b7b8	2b1kb1r/1r3pp1/B1p1p3/p3P2p/8/1P2BR2/P1P3PP/5RK1 b - - 3 17
BB	4.31	5.47	b8c8	b8b5	1rB1kb1r/5pp1/2p1p3/p3P2p/8/1P2BR2/P1P3PP/5RK1 b - - 0 18
BB	9.94	990.04	f8e7	b5e5	2B1kb1r/5Rp1/2p1p3/pr2P2p/8/1P2B3/P1P3PP/5RK1 b - - 0 19
WB	0.76	-0.68	f1d3	h2h4	r1b1kb1r/pp1n1ppp/2p2n2/q2p4/3P1B2/2N1PN2/PP3PPP/R2QKB1R w KQkq - 1 8
WB	0.53	-0.53	f1d3	a1c1	r1b1k2r/pp1n1ppp/2p5/q2p4/1b1PnB1P/1QN1PN2/PP3PP1/R3KB1R w KQkq - 3 10
WB	-0.10	-2.04	b2c3	c1c3	r1b1k2r/pp3ppp/2p2n2/q2p3P/1b1P1B2/1Qn1PN2/PP3PP1/2R1KB1R w Kkq - 0 12
WB	-1.92	-2.37	f1d3	f4e5	r1b1k2r/pp3p1p/2p3pP/q2p4/3PnB2/1QP1PN2/P4PP1/4KB1R w Kkq - 0 15
WB	-3.03	-9.19	e5g7	b3b1	r1b2rk1/pp3p1p/2p3pP/q2pB3/3Pn3/1QP1PN2/P4PP1/4KB1R w K - 2 16
WB	-4.37	-1.37	b1b2	b1c1	r1b2rk1/pp3p1p/2p3pP/q2pB3/3P4/2n1PN2/P4PP1/1Q2KB1R w K - 0 17
WB	-3.28	-1.13	f2f3	c1b2	r4rk1/pp5p/2p2ppP/q2p4/3PnBb1/4P3/P2N1PP1/2Q1KB1R w K - 2 20
WB	-1.27	-6.51	f2f3	g2g3	r4rk1/pp5p/5ppP/q1pp4/3PnBb1/4P3/PQ1N1PP1/4KB1R w K - 0 21
BB	0.00	0.82	c5d4	f7f5	1rbq1rk1/pp3ppp/2nbp3/2p5/3PR3/2PB1N2/PP3PPP/R1BQ2K1 b - - 0 11
BB	0.04	1.08	c5d4	b7b5	1rbq1rk1/pp4pp/2nbp3/2p2p2/3P3R/2PB1N2/PP3PPP/R1BQ2K1 b - - 1 12
BB	-1.17	6.68	h7h6	b8b6	1rbq1rk1/p5pp/2nbp3/1pp2pN1/3P3R/2PB4/PP3PPP/R1BQ2K1 b - - 1 13
BB	5.33	994.64	d8g5	c5d4	2bq1rk1/p5pR/1rnbp3/1pp2pN1/3P4/2PB4/PP3PPP/R1BQ2K1 b - - 0 14
WB	0.31	-3.58	f3d2	c1g5	r1bqk1nr/pppp1ppp/2n5/8/2PPp3/2P2N2/P3PPPP/R1BQKB1R w KQkq - 0 6
WB	-3.55	-1.25	g5d2	h2h4	r1bqk1nr/pppp2pp/2n2p2/6B1/2PPp3/2P2N2/P3PPPP/R2QKB1R w KQkq - 0 7
WB	-3.75	-0.73	c4d5	h3f4	r1bqk2r/ppp3p1/2n2n1p/3p4/2PPp2P/2P1P2N/P4PP1/R2QKB1R w KQkq - 0 11
WB	-3.46	-2.14	c4d5	e1c1	r2qk2r/ppp1n1p1/5n1p/3p4/2PPpN1P/2P1P3/P3QPP1/R3K2R w KQkq - 1 14
WB	-4.37	-0.82	g2g4	g2g3	r2qk2r/pp2n1p1/2p2n1p/3p4/2PPpN1P/2P1P3/P3QPP1/2KR3R w kq - 0 15
WB	-1.27	-3.57	g3g4	c4c5	r2qk2r/pp4p1/2p2n1p/3p1n2/2PPpN1P/2P1P1P1/P3QP2/2KR3R w kq - 1 16
WB	-2.87	-3.59	g3g4	e2b2	r2q1rk1/pp4p1/2p2n1p/2Pp1n2/3PpN1P/2P1P1P1/P3QP2/2KR3R w - - 1 17
WB	-5.33	-1.96	b2e2	h4h5	r2q1rk1/pp4p1/2p4p/2Pp1n2/3PpNnP/2P1P1P1/PQ3P2/2KR3R w - - 3 18
WB	-7.08	-2.19	d1d2	a2a3	r4rk1/pp4p1/2p4p/q1Pp1n1P/3PpNn1/2P1P1P1/PQ3P2/2KR3R w - - 1 19
WB	-9.33	-1.18	b2b4	f4g6	r4rk1/p5p1/1pp4p/q1Pp1n1P/3PpNn1/P1P1P1P1/1Q3P2/2KR3R w - - 0 20
WB	-10.77	-1.67	g6e5	g6e5	rr4k1/p5p1/1pp3Np/q1Pp1n1P/3Pp1n1/P1P1P1P1/1Q3P2/2KR3R w - - 2 21
BB	-0.99	1.29	d5e4	c7c6	rnbqkbnr/ppp1pppp/8/3p4/3PP3/8/PPP2PPP/RNBQKBNR b KQkq - 0 2
BB	0.33	1.39	c8f5	g8h6	r1bqkbnr/pp2pppp/2p2n2/8/3PN3/5N2/PPP1QPPP/R1B1KB1R b KQkq - 4 6
BB	1.85	3.98	f6e4	c8e6	r1bqkb1r/pp2pppp/2p2n1B/8/3PN3/5N2/PPP1QPPP/R3KB1R b KQkq - 0 7
BB	4.87	0.86	f8d6	h7h5	r2qkb1r/pp3ppp/2p1bp2/8/3P1B2/5N2/PPP1QPPP/R3KB1R b KQkq - 1 9
BB	5.61	2.04	d8e7	a7a5	r2qkb1r/pp3pp1/2p1bp2/7p/3P1B2/5N2/PPP1QPPP/2KR1B1R b kq - 1 10
BB	5.25	0.57	d8d4	d8d4	r2qkb1r/1p3pp1/2p1bp2/p6p/3P1B2/8/PPPNQPPP/2KR1B1R b kq - 1 11
BB	3.87	2.19	d4a4	d4b6	r3kb1r/1p3pp1/2p1bp2/p6p/3qNB2/8/PPP1QPPP/2KR1B1R b kq - 1 12
BB	4.19	0.87	c8b8	c8c7	2k2r1r/1p3pp1/1qpNbp2/p6p/8/8/PPP1QPPP/2KR1B1R b - - 1 15
BB	4.20	1.50	f8d8	e6a2	5r1r/1pk2pp1/1qp1bp2/p6p/4N3/8/PPP1QPPP/2KR1B1R b - - 3 16
BB	5.56	0.93	b6b4	f8d8	5r1r/1pk2pp1/1qp2p2/p6p/4N3/5Q2/bPP2PPP/2KR1B1R b - - 1 17
BB	5.90	0.72	c7c8	c7c8	3r3r/1pk2pp1/1qp2p2/p6p/4NQ2/8/bPP2PPP/2KR1B1R b - - 3 18
BB	6.54	0.85	b6c5	a2e6	2k4r/1p3pp1/1qpR1p2/p6p/5Q2/8/bPP2PPP/2K2B1R b - - 0 20
WB	4.44	-7.20	d3e4	c3e4	rn1qk2r/pp3ppp/3b1n2/3p4/4p3/1BNP1Q2/PPP2PPP/R1B2RK1 w kq - 0 10
WB	-3.29	-0.93	g2g3	f3f5	r2q1rk1/pp1n1ppp/3b1n2/8/4P3/1B2BQ2/PPP2PPP/R4RK1 w - - 3 13
WB	-3.48	-0.53	a1d1	a1d1	r2qr1k1/pp1n1ppp/3b1n2/5Q2/4P3/1B2B3/PPP2PPP/R4RK1 w - - 5 14
WB	-1.85	-2.35	e3f4	f3f4	r5k1/ppqn1ppp/3b1n2/4r3/4P3/1B2BQ2/PPP2PPP/3R1RK1 w - - 9 16
WB	-4.47	-2.01	c2c3	e3a7	4r1k1/ppqn1ppp/3b1n2/4r3/4PQ2/1B2B3/PPP2PPP/3R1RK1 w - - 11 17
WB	-6.41	-1.22	g1h1	d1d6	4r1k1/B1qn1ppp/1p1b1n2/4r3/4PQ2/1B6/PPP2PPP/3R1RK1 w - - 0 18
WB	-7.63	-0.60	f2f3	h2h4	4r1k1/B2n1ppp/1p1q1n2/4r3/4PQ2/1B6/PPP2PPP/5RK1 w - - 0 19
WB	-8.18	-0.72	f2f3	a7b6	4r1k1/B1qn1ppp/1p3n2/4r3/4PQ1P/1B6/PPP2PP1/5RK1 w - - 1 20
BB	-3.69	2.24	d8e7	d8d4	r1bqkb1r/ppp3pp/2n2p2/8/3PN3/8/PPP3PP/R2QKBNR b KQkq - 0 8
BB	-4.04	9.76	g7g6	e8d8	r1b1kb1r/ppp3pp/2n2p2/7Q/3qN3/8/PPP3PP/R3KBNR b KQkq - 1 9
BB	5.51	0.78	d4d7	f8b4	r1bk1b1r/ppp3pp/2n2p2/7Q/3qN3/8/PPP3PP/3RKBNR b K - 3 10
BB	6.45	0.57	c8d7	b4d6	r1bk3r/ppp3pp/2n2p2/8/1b2N3/2P5/PP4PP/3QKBNR b K - 0 12
BB	6.31	8.25	c8c7	b7b6	2rkr3/pp1b2pp/2nQ1p2/1B6/8/2P2N2/PP3KPP/7R b - - 6 17
BB	15.05	984.88	e8e7	e8e2	2rkr3/p2b2pp/1pnQ1p2/1B6/8/2P2N2/PP3KPP/3R4 b - - 1 18
BB	-5.40	4.55	g4e3	e6a2	r2qkb1r/1p3ppp/2n1b3/2P5/1P1pP1n1/8/NBPNP1PP/RQ2KB1R b KQkq - 0 13
BB	-0.60	2.56	a8a2	c6b4	r2qkb1r/1p3ppp/2n5/2P5/1P1pP1n1/8/RBPNP1PP/1Q2KB1R b Kkq - 0 14
BB	1.77	1.61	a8a4	b4c6	q3kb1r/1p3ppp/8/2P5/1n1BP1n1/8/2PNP1PP/1Q2KB1R b Kk - 0 16
BB	3.06	2.99	f8e7	c6d4	q3kb1r/1p3ppp/2n5/2P5/3BP1n1/4P3/2PN2PP/1Q2KB1R b Kk - 0 17
BB	6.13	1.74	f8e7	h7h5	q3kb1r/1p3ppp/8/2P5/3PP1n1/8/2PN2PP/1Q2KB1R b Kk - 0 18
BB	-0.79	1.84	f6e4	d8d7	r2qr1k1/1bp1bppp/p1np1n2/1p2p1B1/3PP3/1BP2N1P/PP3PP1/RN1QR1K1 b - - 2 11
BB	0.80	1.06	h7h6	a8b8	r3r1k1/1bpqbppp/p1np1n2/1p2p1B1/P2PP3/1BP2N1P/1P3PP1/RN1QR1K1 b - - 0 12
BB	0.70	2.35	h7h6	h7h5	1r2r1k1/1bpqbppp/p1np1n2/1p2p1B1/P2PP3/1BP2N1P/1P1N1PP1/R2QR1K1 b - - 2 13
BB	-3.46	4.75	f6e4	b7e4	1r2r1k1/1bpqbpp1/3p1n2/1p2n1Bp/2PpP2N/1B3N1P/1P3PP1/R2QR1K1 b - - 2 17
BB	-0.42	0.99	d5e4	b8c6	rnbqk1nr/ppp1ppbp/6p1/3p4/3PP3/3BB3/PPP2PPP/RN1QK1NR b KQkq - 1 4
BB	-0.02	1.50	d5e4	d8d6	r1bqk1nr/ppp1ppbp/2n3p1/3p4/3PP3/3BBN2/PPP2PPP/RN1QK2R b KQkq - 3 5
BB	1.05	4.08	d5e4	g8f6	r1b1k1nr/ppp1ppbp/2nq2p1/3p4/3PP3/2NBBN2/PPP2PPP/R2QK2R b KQkq - 5 6
BB	0.06	5.02	d5e4	e8g8	r1b1k2r/ppp1ppbp/2nq1np1/3p4/3PP3/2NBBN2/PPPQ1PPP/R3K2R b KQkq - 7 7
BB	-0.70	5.58	d5e4	c8g4	r1b2rk1/ppp1ppbp/2nq1np1/3p4/3PP3/2NBBN2/PPPQ1PPP/2KR3R b - - 9 8
BB	0.79	4.41	d5e4	g4e6	r4rk1/ppp1ppbp/2nq1np1/3p4/3PP1b1/2NBBN1P/PPPQ1PP1/2KR3R b - - 0 9
BB	1.37	3.68	f6e5	c6d4	r4rk1/ppp1pp1p/2n1bbp1/3pN3/1q1P4/2NBB2P/PPPQ1PP1/2KR3R b - - 1 12
BB	1.53	2.18	f6g7	e6g4	r4rk1/ppp1pp1p/4bbp1/3p4/3q2N1/2NB3P/PPPQ1PP1/2KR3R b - - 1 14
BB	3.25	3.25	f6g7	a7a5	r4rk1/ppp1pp1p/5bp1/3p4/3q2P1/2NB4/PPPQ1PP1/2KR3R b - - 0 15
BB	6.53	3.10	f8d8	f6g5	r4rk1/1pp1pp1p/5bpQ/p2p4/3q2P1/2NB4/PPP2PP1/2KR3R b - - 1 16
BB	9.56	3.02	c7c6	e7e5	r4rk1/1pp1pp1p/6p1/p2p2Q1/3q2P1/2NB4/PPP2PP1/2KR3R b - - 0 17
BB	-4.12	0.51	d4d3	d4d3	rnbqk2r/pp3ppp/5n2/2b1p3/3pP3/2P2P2/PP2N1PP/R1BQKBNR b KQkq - 0 7
BB	-5.08	0.88	a7a5	b8c6	rnb4r/pp2kppp/3b1n2/4p3/1P2P1P1/2P2P2/PB2N2P/R3KB1R b KQ - 0 12
BB	-4.59	0.55	f6h5	f6e8	r1b4r/pp2kppp/2nb1n2/4p1P1/1P2P3/2P2P2/PB2N2P/R3KB1R b KQ - 0 13
BB	-4.89	0.99	g7g6	e7d7	r6r/ppn1kppp/2nbb3/4p1P1/PP2P3/2P2PN1/1B4BP/R3K2R b KQ - 4 16
BB	-4.43	0.72	d7e8	d7c8	r4b1r/ppnk1ppp/2n1b3/4pNP1/PP2P3/2P2P2/1B4BP/2KR3R b - - 8 18
BB	-4.36	2.76	f8d6	c6d4	rk3b1r/ppn2ppp/2nNb3/1P2p1P1/P3P3/2P2P2/1B4BP/2KR3R b - - 0 20
BB	-0.30	1.00	c5d4	h8h6	r2qkb1r/pp1b1pp1/2n1p3/2pp3p/3PP3/2PB1NP1/PP1N1PP1/R2QK2R b KQkq - 0 10
BB	-1.72	1.78	g7g5	c5c4	r2qkb2/pp1b1pp1/2n1p2r/2ppP2p/3P4/2PB1NP1/PP1N1PP1/R2QK2R b KQq - 0 11
BB	0.03	0.70	b7b5	a7a5	r2qkb2/pp1b1pp1/2n1p2r/3pP2p/2pP4/2P2NP1/PP1NBPP1/R2QK2R b KQq - 1 12
BB	0.22	0.62	b7b5	c4b3	r2qkb2/1p1b1pp1/2n1p2r/p2pP2p/2pP4/1PP2NP1/P2NBPP1/R2QK2R b KQq - 0 13
BB	0.28	4.36	a5a4	c6b4	r2qkb2/1p1b1pp1/2n1p2r/p2pP2p/3P4/1QP2NP1/P2NBPP1/R3K2R b KQq - 0 14
BB	4.52	3.42	a3a7	d7c6	3qkb2/1p1b1pp1/4p2r/3pP2p/1p1P4/r4NP1/PQ2BPP1/RN2K2R b KQ - 3 17
BB	6.17	1.19	f8b4	a5b4	4kb2/1p3pp1/2b1p2r/q2pP2p/3P4/p5P1/P2NBPP1/R1Q1K2R b KQ - 3 20
BB	0.40	0.75	e7f8	e8g8	r3r3/ppp1kppp/2nbbn2/3p4/3P4/P1NB1N2/1PP2PPP/R1B1R1K1 b - - 2 11
BB	0.84	2.36	d7d8	d7e7	r5r1/pppk1ppp/2nbbn2/3pN1B1/3P4/P1NB4/1PP2PPP/R3R1K1 b - - 6 13
BB	3.25	2.40	e6d5	e7d8	r5r1/ppp1kppp/2nbbn2/3NN1B1/3P4/P2B4/1PP2PPP/R3R1K1 b - - 0 14
BB	5.87	0.96	d6e7	c6e7	r2k2r1/ppp2p1p/2nbbB2/4N3/3P4/P2B4/1PP2PPP/R3R1K1 b - - 0 16
BB	6.91	0.53	d8e8	g8e8	r2k2r1/ppp1np1B/3bbB2/4N3/3P4/P7/1PP2PPP/R3R1K1 b - - 0 17
BB	6.90	2.12	c7c6	a8c8	r2kr3/ppp1np1B/3bbB2/4N3/2PP4/P7/1P3PPP/R3R1K1 b - - 0 18
BB	9.09	4.46	e8f8	d6e5	2rkr3/ppp1np1B/3bbB2/3PN3/2P5/P7/1P3PPP/R3R1K1 b - - 0 19
BB	-0.35	1.46	d5c4	c8d7	r1bqkb1r/1p3ppp/p1n1pn2/2pp4/2PP4/P1N1PN2/1P2BPPP/R1BQK2R b KQkq - 1 7
BB	0.35	0.77	b7b5	h7h5	r2qkb1r/1p1b1ppp/p1n1pn2/2p5/2BP4/P1N1PN2/1P3PPP/R1BQ1RK1 b kq - 0 9
BB	0.53	1.53	c5d4	f6g4	r2qkb1r/1p1b1pp1/p1n1pn2/2p4p/2BP4/PPN1PN2/5PPP/R1BQ1RK1 b kq - 0 10
BB	1.89	1.11	c5d4	d8b6	r2qkb1r/3b1pp1/p1n1p3/1pp4p/3PN1n1/PP1BPN2/5PPP/R1BQ1RK1 b kq - 1 12
BB	2.82	1.47	c5e7	c5f8	r3k2r/3b1pp1/pqn1p3/1pb4p/4N1n1/PP1BPN2/1B3PPP/R2Q1RK1 b kq - 1 14
BB	3.75	1.77	a8d8	g4h6	r3kb1r/3b1pp1/pqn1p3/1p5p/4N1n1/PP1BPN1P/1B3PP1/R2Q1RK1 b kq - 0 15
BB	4.28	0.77	h6f5	h6f5	r3kb1r/3b1pp1/pqn1p2n/1p4Np/4N3/PP1BP2P/1B3PP1/R2Q1RK1 b kq - 2 16
BB	3.17	4.53	c6d8	h5h4	r3kb1r/3b1pp1/pqn1p3/1p3nNp/4N3/PP2P2P/1B2BPP1/R2Q1RK1 b kq - 4 17
BB	3.49	5.47	c6d8	a8d8	r3kb1r/3b1pp1/pqn1p3/1p3nN1/P3N2p/1P2P2P/1B2BPP1/R2Q1RK1 b kq - 0 18
BB	8.57	3.41	f8e7	f5h6	3rkb1r/3b1pp1/pqn1p3/1p3nNB/P3N2p/1P2P2P/1B3PP1/R2Q1RK1 b k - 2 19
BB	12.24	4.39	h6f5	c6e5	3rkb1r/3b1pp1/pqn1p2n/1p4NB/P3N2p/1P2PQ1P/1B3PP1/R4RK1 b k - 4 20
WB	1.19	-2.39	e4d5	d1h5	rnbqkbnr/ppp3pp/4p3/3p1p2/3PP3/8/PPPN1PPP/R1BQKBNR w KQkq - 0 4
WB	-1.08	-2.88	h5e2	f1b5	rnbqkbnr/ppp4p/4p1p1/3p1p1Q/3PP3/8/PPPN1PPP/R1B1KBNR w KQkq - 0 5
WB	5.28	-3.87	e5f6	a2a4	rnbq3r/ppp2kbp/4pnp1/1B1pPpQ1/3P4/8/PPPNNPPP/R1B1K2R w KQ - 3 9
WB	1.42	-9.55	g5d8	d2f3	rnbq3r/1pp2kbp/p3p1p1/3pPpQ1/P2Pn3/3B4/1PPNNPPP/R1B1K2R w KQ - 2 11
WB	-7.71	-0.70	f2f4	e1g1	rnbq2kr/1pp3bp/p3p1p1/3pPpN1/P2P4/3B4/1PP1NPPP/R1B1K2R w KQ - 1 13
WB	-7.90	-3.10	c2c3	c1f4	rnbq2kr/1p4bp/p3p1p1/2ppPpN1/P2P4/3B4/1PP1NPPP/R1B2RK1 w - - 0 14
WB	-10.63	-2.85	d3c4	g5e6	rnbq2kr/1p4bp/p3p1p1/3pPpN1/P1pP1B2/3B4/1PP1NPPP/R4RK1 w - - 0 15
WB	-13.25	-0.96	d3c4	a4a5	rn1q2kr/1p4bp/p3b1p1/3pPp2/P1pP1B2/3B4/1PP1NPPP/R4RK1 w - - 0 16
BB	-1.95	1.52	g5g4	g5g4	rnbqkbnr/pppp1p1p/8/6p1/3PPp2/5N2/PPP3PP/RNBQKB1R b KQkq - 0 4
BB	-1.31	0.81	b8c6	d7d6	rnbqkbnr/pppp1p1p/8/8/3PPB2/5Q2/PPP3PP/RN2KB1R b KQkq - 0 6
BB	-1.33	1.33	d8h4	b8c6	rnbqkbnr/ppp2p1p/3p4/8/2BPPB2/5Q2/PPP3PP/RN2K2R b KQkq - 1 7
BB	-1.23	8.16	d8f6	c6d4	r1bqkbnr/ppp2p1p/2np4/8/2BPPB2/5Q2/PPP3PP/RN3RK1 b kq - 3 8
BB	2.87	1.76	d8e7	d4e6	r2qkbnr/ppp2p1p/3pB3/7Q/3nPB2/8/PPP3PP/RN3RK1 b kq - 0 10
BB	4.62	0.56	g8h6	e8d7	r2qkbnr/ppp2p1p/3pn3/4B2Q/4P3/8/PPP3PP/RN3RK1 b kq - 1 11
BB	5.44	2.96	d7c6	g8e7	r2q1bnr/pppk1R1p/3pn3/4B2Q/4P3/8/PPP3PP/RN4K1 b - - 0 12
BB	-4.87	2.56	f8g7	f8h6	r2q1b1r/pppknR1p/4n3/4Q3/4P3/P7/1PP3PP/RN4K1 b - - 0 14
BB	-2.67	6.04	d7e8	d7c8	r2q3r/pppknR1p/4n3/3Q4/3bP3/P1N5/1PP3PP/R6K b - - 6 17
BB	3.63	1.11	d4c3	a7a5	r1k4r/ppp1R2p/8/8/3bP3/P1N5/1PP3PP/R6K b - - 0 20
WB	1.26	-0.90	b2a3	b1c3	r3kb1r/ppp2ppp/2nqpn2/1B1p1b2/8/1P2PN2/PBPP1PPP/RN1Q1RK1 w kq - 0 7
WB	0.41	-0.85	b5c6	b5d3	r3kb1r/1pp2ppp/p1nqpn2/1B1p1b2/8/1PN1PN2/PBPP1PPP/R2Q1RK1 w kq - 0 8
WB	-0.14	-4.60	a1c1	c3e4	2kr1b1r/1pp2ppp/p1nq1n2/3pp3/8/1PNPPN2/PBQP1PPP/R4RK1 w - - 2 11
WB	-3.89	-3.85	c4e2	c4f7	2kr1b1r/2p2ppp/p2q1n2/1p2p3/1nQ1P3/1P2PN2/PB1P1PPP/R4RK1 w - - 0 14
WB	-7.83	-0.57	b3b4	b2c3	2kr1b1r/2p2Qpp/p2q1n2/1p2p3/4P3/1P1nPN2/PB1P1PPP/R4RK1 w - - 1 15
WB	-8.12	-1.74	b3b4	a2a4	2k2b1r/2pn2pp/p2q4/1p2p3/4P3/1PBnPN2/P2P1PPP/R4RK1 w - - 0 17
WB	-9.71	-1.80	a1d1	c3d4	2k2b1r/2pn2pp/p2q4/4p3/Pp2P3/1PBnPN2/3P1PPP/R4RK1 w - - 0 18
WB	-10.78	-0.62	d4c2	d4f5	2k2b1r/3n2pp/p2q4/2p5/Pp1NP3/1P1nP3/3P1PPP/R4RK1 w - - 0 20
WB	-11.17	-0.92	a1b1	f2f4	2k2b1r/3n2pp/p3q3/2p2N2/Pp2P3/1P1nP3/3P1PPP/R4RK1 w - - 2 21
WB	0.27	-0.53	g1f3	f1g2	rnbqkbnr/ppp1pppp/8/3p4/8/6P1/PPPPPP1P/RNBQKBNR w KQkq - 0 2
WB	0.41	-0.52	g1f3	b2b3	rnbqkbnr/ppp2ppp/4p3/3p4/8/6P1/PPPPPPBP/RNBQK1NR w KQkq - 0 3
WB	0.50	-1.03	g1f3	b1c3	r1bqkb1r/ppp2ppp/2n1pn2/3p4/8/1P4P1/PBPPPPBP/RN1QK1NR w KQkq - 3 5
WB	-0.06	-0.94	d2d4	h2h4	r1bqk2r/ppp1bppp/2n1pn2/3p4/8/1PN3P1/PBPPPPBP/R2QK1NR w KQkq - 5 6
WB	0.00	-0.99	d2d4	e2e3	r1bq1rk1/ppp1bppp/2n1pn2/3p4/7P/1PN3P1/PBPPPPB1/R2QK1NR w KQ - 1 7
WB	0.00	-1.47	d2d4	a2a4	r1bq1rk1/1pp1bppp/p1n1pn2/3p4/7P/1PN1P1P1/PBPP1PB1/R2QK1NR w KQ - 0 8
WB	0.09	-2.22	g3g4	g2f3	r1bq1rk1/1pp2ppp/p1n1pn2/3p4/Pb5P/1PN1P1P1/1BPP1PB1/R2QK1NR w KQ - 1 9
WB	-1.29	-0.62	d2c3	b2c3	r1bq1rk1/1pp2ppp/p1n2n2/3p3P/P3p3/1Pb1P1P1/1BPP1PB1/R2QK1NR w KQ - 0 12
WB	0.06	-1.31	h5h6	e2f4	r1bq1rk1/1pp2ppp/5n2/p2p3P/Pn2p3/1PB1P1P1/2PPNPB1/R2QK2R w KQ - 2 14
WB	-0.08	-1.05	d2d3	c3d4	r1bq1rk1/1p3p1p/2p2npP/p2p4/Pn2pN2/1PB1P1P1/2PP1PB1/R2QK2R w KQ - 0 16
WB	0.19	-3.20	c2c3	c2c4	r1bqr1k1/1p3p1p/2p2npP/p2p4/Pn1BpN2/1P2P1P1/2PP1PB1/R2QK2R w KQ - 2 17
WB	1.95	-9.39	f4d3	e1e2	r1bqr1k1/1p3p1p/2p2npP/p7/P1PBpN2/3nP1P1/3P1PB1/R2QK2R w KQ - 1 19
WB	1.37	-1.90	e2f1	e2d3	r1b1r1k1/1p2qp1p/2p2npP/p7/P1PB4/3pP1P1/3PKPB1/R2Q3R w - - 0 21
BB	-0.31	0.66	e8c8	d6d8	r3kb1r/1pp2ppp/p1pq1nb1/4p3/4P1PN/2NP3P/PPP2P2/R1BQ1RK1 b kq - 2 10
BB	-0.79	6.82	f8d6	h8h5	r2qkb1r/1pp2pp1/p1p2np1/4p3/4P1P1/2NP3P/PPP2P1K/R1BQ1R2 b kq - 1 12
BB	5.73	1.44	f6h5	g6h5	r2qkb2/1pp2pp1/p1p2np1/4p2P/4P3/2NP3P/PPP2P1K/R1BQ1R2 b q - 0 13
BB	6.84	0.57	d8e7	a6a5	r2qkb2/1pp2pp1/p1p2n2/4p1Bp/4P3/2NP3P/PPP2P1K/R2Q1R2 b q - 1 14
BB	7.00	0.63	f8c5	f6g4	r2qkb2/1pp2pp1/2p2n2/p3p1Bp/4P3/2NP1Q1P/PPP2P1K/R4R2 b q - 1 15
BB	7.40	4.19	d8g5	h5g4	r2qkb2/1pp2pp1/2p5/p3p1Bp/4P1P1/2NP1Q2/PPP2P1K/R4R2 b q - 0 16
BB	10.29	1.70	f7f6	f8e7	r2qkb2/1pp2pp1/2p5/p3p1B1/4P1Q1/2NP4/PPP2P1K/R4R2 b q - 0 17
BB	11.80	0.78	d8e7	e8e7	r2qk3/1pp1Bpp1/2p5/p3p3/4P1Q1/2NP4/PPP2P1K/R4R2 b q - 0 18
BB	11.67	1.39	e7f8	f7f6	r2q4/1pp1kpp1/2p5/p3p1Q1/4P3/2NP4/PPP2P1K/R4R2 b - - 1 19
BB	-0.37	0.81	g7g6	h8h6	r1b1kb1r/pp2ppp1/1qn5/2pp3p/3P4/2PBPNP1/PPQ2PP1/RN2K2R b KQkq - 1 9
BB	0.16	1.10	c8g4	a7a5	r1b1kb2/pp2ppp1/1qn4r/2pp3p/3P4/2PBPNP1/PPQN1PP1/R3K2R b KQq - 3 10
BB	0.56	1.22	e7e6	c8e6	r1b1kb2/1p2ppp1/1qn4r/p1pp3p/3PP3/2PB1NP1/PPQN1PP1/R3K2R b KQq - 0 11
BB	-1.44	0.91	c6b4	c6d4	r3kb2/1p2ppp1/1qn1b2r/p2pP2p/3P4/3B1NP1/PPQN1PP1/R3K2R b KQq - 0 13
BB	-999.99	991.67	c8c1	g7g5	2r1kb2/1p1bppp1/7r/p2pP2p/P2n4/1P1B2P1/R2N1PP1/4K2R b K - 0 19
BB	-8.48	0.97	c8c3	d4f5	2r1kb2/1p1bpp2/7r/p2pP1pp/P2n4/1P1B2P1/R2N1PP1/5RK1 b - - 1 20
BB	0.58	1.62	f5g6	f5e4	rn2kbnr/pp3ppp/4p3/q2pPb2/2pP3N/2N1B3/PPP1BPPP/1R1QK2R b Kkq - 3 9
BB	2.43	1.81	e4g6	b8d7	rn2kbnr/pp3ppp/4p3/q2pP3/2pPb2N/2N1B3/PPP1BPPP/1R1Q1RK1 b kq - 5 10
BB	3.87	1.62	a5c7	a8d8	r3kbnr/pp1n1ppp/4p3/q3P3/2BPp2N/4B3/PPP2PPP/1R1Q1RK1 b kq - 0 12
BB	5.18	1.57	d7b6	h7h5	3rkbnr/pp1n1ppp/4p3/q3P3/2BPp1QN/4B3/PPP2PPP/1R3RK1 b k - 2 13
BB	6.63	2.07	g8e7	a5b6	3rkbnr/pp1n1pp1/4p3/q3P2p/2BPQ2N/4B3/PPP2PPP/1R3RK1 b k - 0 14
BB	8.61	3.65	e6d5	f8c5	3rkbnr/pp1n1pp1/1q2p3/3PP2p/2B1Q2N/4B3/PPP2PPP/1R3RK1 b k - 0 15
BB	12.62	6.09	g8e7	f7e6	3rk1nr/pp1n1pp1/1q2P3/2b1P2p/2B1Q2N/4B3/PPP2PPP/1R3RK1 b k - 0 16
BB	19.09	980.82	e8f8	e8e7	3rk1nr/pp1n2p1/1q2p1Q1/2b1P2p/2B4N/4B3/PPP2PPP/1R3RK1 b k - 1 17
WB	0.87	-0.51	d1c2	c1d2	r1bqk2r/1pp1bppp/p1n1pn2/3p4/2PP4/P1N1PN2/1P3PPP/R1BQKB1R w KQkq - 1 7
WB	0.44	-0.87	d1c2	c4c5	r1bq1rk1/1pp1bppp/p1n1pn2/3p4/2PP4/P1N1PN2/1P1B1PPP/R2QKB1R w KQ - 3 8
WB	-0.09	-1.27	c5b6	f3e5	r1bq1rk1/2p1bppp/ppn1pn2/2Pp4/3P4/P1N1PN2/1P1B1PPP/R2QKB1R w KQ - 0 9
WB	-1.09	-1.20	f2f4	d1h5	r1bq1rk1/3nbppp/pp2p3/3pP3/8/P1N1P3/1P1B1PPP/R2QKB1R w KQ - 0 12
WB	-2.96	-1.25	f1e2	e3e4	r1bq1rk1/4bp1p/pp2p1p1/3pn3/8/P1N1P3/1P1B1PPP/R2QKB1R w KQ - 0 14
WB	-4.25	-1.90	d2f4	c3a4	r1bq1rk1/4bp1p/pp2p1p1/4n3/3pP3/P1N5/1P1B1PPP/R2QKB1R w KQ - 0 15
WB	-6.35	-1.08	b2b4	a1c1	r1bq1rk1/3nbp1p/p3p1p1/1p6/N2pPP2/P7/1P1B2PP/R2QKB1R w KQ - 1 17
WB	-7.44	-1.11	c1c5	a4c6	r1bq1rk1/4bp1p/p3p1p1/2n5/Q2pPP2/P7/1P1B2PP/2R1KB1R w K - 1 19
WB	-8.28	-0.68	c1c5	c6c5	r2q1rk1/1b2bp1p/p1Q1p1p1/2n5/3pPP2/P7/1P1B2PP/2R1KB1R w K - 3 20
BB	-1.21	0.97	f6g4	d8b6	rnbqkb1r/pp2pppp/5n2/2pp4/3P4/2N1B1P1/PPP1PP1P/R2QKBNR b KQkq - 1 4
BB	-0.51	2.07	e7e6	c5d4	rnb1kb1r/pp2pppp/1q3n2/2pp4/3P4/2N1B1P1/PPP1PPBP/R2QK1NR b KQkq - 3 5
BB	1.51	0.58	b6a5	b6c6	rnb1kb1r/pp2pppp/1q3n2/3p4/3B4/2N3P1/PPP1PPBP/R2QK1NR b KQkq - 0 6
BB	0.69	1.56	e7e6	b8c6	rnb1kb1r/pp2pppp/5q2/3B4/8/2N3P1/PPP1PP1P/R2QK1NR b KQkq - 0 8
BB	1.85	2.31	e7e6	g7g5	r1b1kb1r/pp2pppp/2n2q2/3B4/8/2N2NP1/PPP1PP1P/R2QK2R b KQkq - 2 9
BB	1.35	2.49	f8g7	h7h5	r1b1kb1r/pp2pp1p/2n2q2/3B2p1/8/2N1PNP1/PPP2P1P/R2QK2R b KQkq - 0 10
BB	1.15	2.92	f8g7	e7e5	r1b1kb1r/pp2pp2/2n2q2/3B2pp/3N4/2N1P1P1/PPP2P1P/R2QK2R b KQkq - 1 11
BB	-2.28	4.07	c8b7	f8b4	N1bk1b1r/p4p2/5q2/3pp1pp/8/4P1P1/PPP2P1P/R2QK2R b KQ - 0 15
BB	1.69	3.24	b4d6	b4e7	N1bk3r/p4p2/5q2/3pp1pp/1b6/2P1P1P1/PP3P1P/R2QK2R b KQ - 0 16
BB	4.94	2.88	d8e8	c8d7	N1bk3r/p3bp2/5q2/3Qp1pp/8/2P1P1P1/PP3P1P/R3K2R b KQ - 0 17
BB	6.71	3.96	e7d6	f6e6	N2k3r/p2bbp2/5q2/3Qp1pp/8/2P1P1P1/PP3P1P/3RK2R b K - 2 18
BB	-0.01	1.38	c5c4	h7h5	r1b1kb1r/pp2pppp/1qn2n2/2pp4/3P1B2/2PBPN2/PPQ2PPP/RN2K2R b KQkq - 2 7
BB	0.33	1.07	c5c4	a7a5	r1b1kb1r/pp2ppp1/1qn2n2/2pp3p/3P1B2/2PBPN1P/PPQ2PP1/RN2K2R b KQkq - 0 8
BB	1.12	1.59	g7g6	a5a4	r1b1kb1r/1p2ppp1/1qn2n2/p1pp3p/3P1B2/2PBPN1P/PPQN1PP1/R3K2R b KQkq - 1 9
BB	0.89	1.33	g7g6	h5h4	r1b1kb1r/1p2ppp1/1qn2n2/2pp3p/p2P1B2/P1PBPN1P/1PQN1PP1/R3K2R b KQkq - 0 10
BB	1.22	2.86	f8g7	h8h5	r1b1kb1r/1p2pp2/1qn2np1/2pp4/p2P3B/P1PBPN1P/1PQN1PP1/R3K2R b KQkq - 0 12
BB	1.00	0.79	c5c4	c8f5	r1b1kb2/1p2pp2/1qn2np1/2pp3r/p2P4/P1PBPNBP/1PQN1PP1/R3K2R b KQq - 2 13
BB	1.87	0.82	g6f5	h5f5	r3kb2/1p2pp2/1qn2np1/2pp1B1r/p2P4/P1P1PNBP/1PQN1PP1/R3K2R b KQq - 0 14
BB	2.59	0.93	f5h5	e7e6	r3kb2/1p2pp2/1qn2np1/2pp1r2/p2P3B/P1P1PN1P/1PQN1PP1/R3K2R b KQq - 1 15
BB	0.86	1.28	c5d4	f6f5	r3kb2/1p3p2/1qn1prp1/2pp2N1/p2P4/P1P1P2P/1PQN1PP1/R3K2R b KQq - 1 17
BB	1.82	3.55	c5d4	c5c4	r3kb2/1p3p2/1qn1p1p1/2pp1rN1/p2P3P/P1P1P3/1PQN1PP1/R3K2R b KQq - 0 18
BB	2.32	1.06	e8c8	e8d7	r3kb2/1p3p2/1qn1p1p1/3p1r2/p1pP3P/P1P1PN2/1PQN1PP1/R3K2R b KQq - 1 19
BB	-4.82	0.91	a5b4	c8e6	r1bqkb1r/1p3ppp/2n5/p1P5/1P1pP1n1/P7/NBPNP1PP/R2QKB1R b KQkq - 0 11
BB	-5.43	4.87	g4e3	e6a2	r2qkb1r/1p3ppp/2n1b3/2P5/1P1pP1n1/8/NBPNP1PP/RQ2KB1R b KQkq - 0 13
BB	-0.77	2.65	a8a2	c6b4	r2qkb1r/1p3ppp/2n5/2P5/1P1pP1n1/8/RBPNP1PP/1Q2KB1R b Kkq - 0 14
BB	2.10	1.35	a8a4	b4c6	q3kb1r/1p3ppp/8/2P5/1n1BP1n1/8/2PNP1PP/1Q2KB1R b Kk - 0 16
BB	3.37	3.20	f8e7	c6d4	q3kb1r/1p3ppp/2n5/2P5/3BP1n1/4P3/2PN2PP/1Q2KB1R b Kk - 0 17
BB	6.32	1.43	f8e7	h7h5	q3kb1r/1p3ppp/8/2P5/3PP1n1/8/2PN2PP/1Q2KB1R b Kk - 0 18
BB	6.75	0.87	h8h6	h8h6	q3kb1r/1p3pp1/8/2P4p/2BPP1n1/8/2PN2PP/1Q2K2R b Kk - 1 19
BB	-0.84	6.32	a6b4	c8f5	r1bq1rk1/1p2nppp/n1pb4/p2p2B1/P2P4/1PNB1N2/2P2PPP/R2Q1RK1 b - - 0 10
BB	5.32	0.62	d8c7	d8b6	r2q1rk1/1p2nppp/n1pb4/p2p1BB1/P2P4/1PN2N2/2P2PPP/R2Q1RK1 b - - 0 11
BB	5.28	1.68	g7g6	h7h5	r4rk1/1p2bppp/nqp5/p2p1B2/P2P4/1PNQ1N2/2P2PPP/R4RK1 b - - 1 13
BB	5.57	0.58	g7g6	e7f6	r4rk1/1p1Bbpp1/nqp5/p2p3p/P2P4/1PNQ1N2/2P2PPP/R4RK1 b - - 1 14
BB	0.81	999.18	g7g6	d4c3	r4rk1/1p1B1pp1/1qp5/p2p1QNp/Pn1b3P/1PN5/2P2PP1/R4RK1 b - - 1 17
WB	1.88	-0.99	h5h6	h5e5	r2qk2r/pbp1bp1p/2p3p1/3p3Q/3P4/3B4/PPPB1PPP/R4RK1 w kq - 0 11
WB	0.83	-0.53	d2h6	a2a4	r2q1rk1/pbp1bp1p/2p3p1/3pQ3/3P4/3B4/PPPB1PPP/R4RK1 w - - 2 12
WB	0.80	-0.51	a4a5	a1b1	r3r1k1/pbp2p1p/6p1/3p2B1/P2b3P/3B4/1PP2PP1/R3R1K1 w - - 2 18
WB	0.00	-1.95	a4a5	g1f1	r5k1/pb3p1p/6p1/3p2B1/Pp1b3P/3B4/2P2PP1/4R1K1 w - - 0 21
WB	10.60	-7.64	d5c7	d5f4	rn2kb1r/pp3ppp/q1p1pn2/3N1b2/2PP4/4PN2/PP1B1PPP/R2QKB1R w KQkq - 1 8
WB	4.80	-3.04	a2a4	c5b6	rn2kb1r/p4ppp/q1p1p3/1pP2b2/3PnN2/4PN2/PP1B1PPP/R2QKB1R w KQkq b6 0 10
WB	2.38	-1.25	f1d3	d2c1	rn2kb1r/p4ppp/1qp1p3/5b2/3PnN2/4PN2/PP1B1PPP/R2QKB1R w KQkq - 0 11
WB	2.95	-5.07	a2a3	h2h4	rn2k2r/p4ppp/2p1p3/q4b2/1b1PnN2/4PN2/PP1B1PPP/R2QKB1R w KQkq - 4 13
WB	4.50	-0.77	h1c1	a2a4	r4rk1/p2n1ppp/2p1p3/8/3P3P/3NP3/PP1K1PP1/R6R w - - 1 19
WB	3.70	-1.71	h1c1	a4a5	r1r3k1/p2n1ppp/2p1p3/8/P2P3P/3NP3/1P1K1PP1/R6R w - - 1 20
WB	2.13	-0.92	h1c1	h4h5	r1r3k1/p2n1ppp/4p3/P1p5/3P3P/3NP3/1P1K1PP1/R6R w - - 0 21
BB	-0.98	1.36	f8d6	f6e4	r2qkb1r/pp3pp1/2p2n2/3pNp1p/3P4/2N1P3/PPP2PPP/R2Q1RK1 b kq - 1 10
BB	0.00	6.63	e4d6	d8h4	r2qkb2/pp3pp1/2p4r/3pNp1p/3Pn3/2NQPP2/PPP3PP/R4RK1 b q - 0 12
BB	5.82	10.71	e8c8	c6d5	r3kb2/pp3pp1/2p4r/3NNp1p/3Pn2q/3QPP2/PPP3PP/R4RK1 b q - 0 13
BB	16.83	983.16	h6c6	e8d8	r3kb2/pp3pp1/7r/1Q1pNp1p/3Pn2q/4PP2/PPP3PP/R4RK1 b q - 1 14
BB	0.17	0.66	f8d6	h7h5	r2qkb1r/ppp2ppp/2n1pn2/3p4/3P1Bb1/2P1PN2/PP1N1PPP/R2QKB1R b KQkq - 0 6
BB	-4.70	5.21	c6b4	f5d3	r2qkb1r/ppp2pp1/2n1p3/3p1b1p/3P1B2/1PnBPN1P/P1QN1PP1/R3K2R b KQkq - 1 10
BB	0.42	3.35	c3e4	f8b4	r2qkb1r/ppp2pp1/2n1p3/3p3p/3P1B2/1PnQPN1P/P2N1PP1/R3K2R b KQkq - 0 11
BB	1.57	3.05	c3e4	e8d7	r2qk2r/ppp2pp1/2n1p3/3p3p/1b1P1B2/1PnQPN1P/P2N1PP1/R4RK1 b kq - 2 12
BB	4.21	2.71	a7a5	b4a5	r2q3r/pppk1pp1/2n1p3/3p3p/1b1P1B2/PPnQPN1P/3N1PP1/R4RK1 b - - 0 13
BB	6.53	2.33	a5b6	a5b4	r2q3r/pppk1pp1/2n1p3/b2p3p/1P1P1B2/P1nQPN1P/3N1PP1/R4RK1 b - - 0 14
BB	9.56	5.92	c6d8	a7a6	r6r/pppk1pp1/2n1pq2/1P5p/3PQB2/4PN1P/5PP1/R4RK1 b - - 0 18
BB	16.22	0.89	b7c6	b7c6	r6r/1ppk1pp1/p1P1pq2/7p/3PQB2/4PN1P/5PP1/R4RK1 b - - 0 19
BB	13.82	3.28	d7e7	c6c5	r6r/2pk1pp1/p1p1pq2/7p/3PQB2/4PN1P/5PP1/2R2RK1 b - - 1 20
BB	-0.60	0.60	h7h6	b8a6	rn1qkb1r/pp3ppp/2p1pn2/3p1b2/3P4/2N1PNP1/PPP2PBP/R1BQK2R b KQkq - 1 6
BB	0.12	0.67	f8e7	f6g4	r2qkb1r/pp3pp1/n1p1pn2/3p1b1p/3P4/P1N1PNP1/1PP2PBP/R1BQ1RK1 b kq - 1 8
BB	0.57	3.29	g4f6	h8h6	r2qkb1r/pp3pp1/n1p1p3/3p1b1p/3P2n1/P1N1PNP1/1PP2PBP/R1BQR1K1 b kq - 3 9
BB	2.60	1.38	h6h8	f5h7	r2qkb2/pp3pp1/n1p1p2r/3p1b1p/3P2nN/P1N1P1P1/1PP2PBP/R1BQR1K1 b q - 5 10
BB	2.63	0.68	g4f2	g5h4	r2qkb2/pp3p1b/n1p1p2r/3p2pp/3PP1nN/P1N3PP/1PP2PB1/R1BQR1K1 b q - 0 12
BB	3.03	1.59	h4g3	d5e4	r2qkb2/pp3p1b/n1p1p2r/3p3p/3PP1Pp/P1N3P1/1PP2PB1/R1BQR1K1 b q - 0 13
BB	-0.14	1.16	g3f2	f8h6	r2qkb2/pp3p1b/n1p1p2B/7P/3Pp3/P1N3p1/1PP2PB1/R2QR1K1 b q - 0 15
BB	1.09	1.65	d8g5	h6f8	r2qk3/pp3p1b/n1p1p2b/7P/3P4/P7/1PP2NB1/R2QR1K1 b q - 0 17
BB	2.04	0.86	d8e7	h7f5	r2qkb2/pp3p1b/n1p1p3/7P/3P4/P1P5/1P3NB1/R2QR1K1 b q - 0 18
BB	2.59	6.71	g5g7	g5d8	r3kb2/pp3p2/n1p1p3/5bqP/3PN3/P1P2Q2/1P4B1/R3R1K1 b q - 4 20
BB	-0.51	0.89	a7a6	h7h5	r1bqk1nr/pp3ppp/2n1p3/2bp4/5B2/2N1PN2/PPP2PPP/R2QKB1R b KQkq - 1 6
BB	-0.73	0.56	d8a5	c5b4	r1bqk1nr/pp3pp1/2n1p3/2bp3p/N4B2/4PN2/PPP2PPP/R2QKB1R b KQkq - 1 7
BB	-0.86	0.92	g8f6	a8b8	r1b1k1nr/pp3pp1/2nqp3/3p3p/N3P3/2P2N2/PP3PPP/R2QKB1R b KQkq - 0 10
BB	0.04	5.05	g8e7	g8f6	1rb1k1nr/pp3pp1/2nqp3/1B1p3p/N3P3/2P2N2/PP3PPP/R2QK2R b KQk - 2 11
BB	3.41	1.45	e5d6	c8d7	1rb1k2r/pp3p2/2n1pp2/1B1pq2p/N2N4/2P5/PP3PPP/R2Q1K1R b k - 3 15
BB	4.67	0.75	a7a6	e8e7	1r2k2r/pp1b1p2/2n1pp2/1BNpq2p/3N4/2P5/PP3PPP/R2Q1K1R b k - 5 16
BB	4.33	1.01	a7a6	f6f5	1r5r/pp1k1p2/2n1pp2/1B1pq2p/3N4/2PQ4/PP3PPP/R4K1R b - - 1 18
BB	5.02	3.33	f4d6	f4e4	1r5r/pp1k1p2/2n1p3/1B1p1p1p/3N1q2/2PQ2P1/PP3P1P/4RK1R b - - 0 20
WB	1.24	-0.58	e2e3	d2d3	r1bqkb1r/pppp1ppp/5n2/4p3/2Pn4/2N3P1/PP1PPPBP/R1BQK1NR w KQkq - 3 5
WB	4.38	-3.82	e2e3	g2d5	r1bqkb1r/pppp1ppp/8/4p3/2Pn2n1/2NP2P1/PP2PPBP/R1BQK1NR w KQkq - 1 6
WB	0.26	-0.95	e4g2	c1g5	r1bqkb1r/pp1p1ppp/2p2n2/4p3/2PnB3/2NP2P1/PP2PP1P/R1BQK1NR w KQkq - 2 8
WB	0.31	-0.56	g5f6	g5d2	r1bqk2r/pp1pbpp1/2p2n1p/4p1B1/2Pn4/2NP2P1/PP2PPBP/R2QK1NR w KQkq - 0 10
WB	3.95	-4.18	e2e3	g2e4	r1bqk2r/pp1pbpp1/2p4p/4p3/2Pn2n1/2NP2P1/PP1BPPBP/R2QK1NR w KQkq - 2 11
WB	3.93	-4.09	e2e3	g2e4	r1bqk2r/pp1pbpp1/2p4p/4p3/2Pn2n1/2NP2P1/PP1BPPBP/R2QK1NR w KQkq - 6 13
BB	-0.50	0.62	h7h6	c8e6	r1bqkb1r/p1p2ppp/2p2n2/3p2B1/3P4/8/PP2PPPP/RN1QKB1R b KQkq - 1 7
BB	-0.08	0.55	h7h6	h7h5	r2qkb1r/p1p2ppp/2p1bn2/3p2B1/3P4/2N5/PP2PPPP/R2QKB1R b KQkq - 3 8
BB	-1.75	0.89	f6g4	a8b8	r2qkb1r/p1p2pp1/2p1bn2/3p3p/3P4/2N1B3/PP2PPPP/R2QKB1R b KQkq - 1 9
BB	-2.65	1.43	f6g4	f6e4	1r1qkb1r/p1p2pp1/2p1bn2/3p3p/3P4/1PN1B3/P3PPPP/R2QKB1R b KQk - 0 10
BB	-1.67	7.69	e8g8	e8d7	1r2k2r/p1p2pp1/2p1b3/7p/1b1qp3/1P6/P1QBPPPP/3RKB1R b Kk - 1 14
BB	6.01	3.86	d4d6	d4b4	7r/p1pk1pp1/2p1b3/7p/3rp3/1P2P3/P1Q2PPP/4KB1R b K - 0 17
BB	5.56	0.58	b4b6	b4b8	7r/p1pk1pp1/8/3p3p/1r2p3/1P2P3/P1Q2PPP/5RK1 b - - 1 20
BB	0.59	4.33	c6d4	d8b6	r1bq1rk1/1p2bppp/p1nppn2/8/3NP3/2N1B3/PPPQBPPP/2KR2R1 b - - 7 10
BB	4.94	0.77	e7f8	g8f8	r1b2Nk1/1p2bppp/p1np1n2/q7/4P3/2N1B3/PPPQBPPP/2KR2R1 b - - 0 12
BB	5.62	2.27	b7b5	a5e5	2r1nk2/1p2bppp/p1npb3/q5P1/4P3/P1N1B3/1PPQBP1P/1K1R2R1 b - - 2 16
BB	7.93	0.58	f8g8	e7d8	2r1nk2/1p1bbppp/p2p4/q3nPP1/3BP2P/P1N5/1PPQB3/1K1R2R1 b - - 2 20
WB	-0.70	-0.91	c3b1	g1h1	r1b1k2r/1p2b3/p2ppp2/4n3/4P2p/qNN1Q3/P1P1B1PP/3R1RK1 w kq - 2 17
WB	-1.46	-0.54	c3b1	h2h3	r3k2r/1p1bb3/p2ppp2/4n3/4P2p/qNN1Q3/P1P1B1PP/3R1R1K w kq - 4 18
WB	-1.47	-2.28	c3b1	h1g1	2r1k2r/1p1bb3/p2ppp2/4n3/4P2p/qNN1Q2P/P1P1B1P1/3R1R1K w k - 1 19
BB	-2.91	3.20	g8f6	e7e6	r1b1kbnr/ppppq1pp/2n5/5p2/4P3/2PQ4/PP1N1PPP/R1B1KBNR b KQkq - 1 6
BB	0.33	0.85	d7d6	g8h6	r1b1kbnr/pppp2pp/2n1q3/5p2/4P3/2PQ4/PP1NBPPP/R1B1K1NR b KQkq - 3 7
BB	0.00	5.05	f5h6	g7g6	r1b1kb1r/pppp2pp/2n1q3/5n2/6P1/2PQ4/PP1NBP1P/R1B1K1NR b KQkq - 0 9
BB	4.80	0.87	e6f7	g6f5	r1b1kb1r/pppp3p/2n1q1p1/5P2/8/2PQ4/PP1NBP1P/R1B1K1NR b KQkq - 0 10
BB	3.29	1.35	c8d7	a7a5	r1b1kbr1/ppp4p/2n1q3/3p1p2/8/2PQ1N2/PP1NBP1P/R1B1K2R b KQq - 1 13
BB	-0.91	1.02	e5a1	b7c6	r1b1k1r1/1pp4p/2N5/3pqp2/1b6/3Q4/P2NBP1P/R1B1K2R b KQq - 0 17
BB	-5.09	12.15	c8a6	h7h5	r1b1k3/2p1q2p/2p5/3p1p2/1b4r1/3Q3P/PB1NBP2/1R2K2R b Kq - 0 20
WB	3.79	-0.59	c1h6	e2e4	r1bqkb1r/pppp1ppp/n6n/4N3/3P4/8/PPP1PPPP/RNBQKB1R w KQkq - 1 4
WB	7.39	-1.64	c1h6	c1e3	r1b1kb1r/pppp1ppp/n2q3n/4N3/3PP3/2N5/PPP2PPP/R1BQKB1R w KQkq - 3 6
WB	9.34	-2.02	f1c4	a2a4	r1b1kbnr/pppp1ppp/n2q4/4N3/3PP3/2N1B3/PPP2PPP/R2QKB1R w KQkq - 5 7
WB	7.70	-1.49	d1h5	h2h4	r1b1kb1r/pppp1ppp/n2q3n/4N3/P2PP3/2N1B3/1PP2PPP/R2QKB1R w KQkq - 1 8
WB	7.08	-0.76	e3h6	h1h3	r1b1kb1r/p1pp1ppp/np1q3n/4N3/P2PP2P/2N1B3/1PP2PP1/R2QKB1R w KQkq - 0 9
WB	8.70	-1.59	c3b5	e3g5	rnb1kb1r/p1pp1ppp/1p1q3n/4N3/P2PP2P/2N1B2R/1PP2PP1/R2QKB2 w Qkq - 2 10
WB	8.16	-1.64	c3d5	a4a5	rnb1kb1r/2pp1ppp/pp1q3n/4N1B1/P2PP2P/2N4R/1PP2PP1/R2QKB2 w Qkq - 0 11
WB	8.52	-1.31	c3d5	a1a5	rnb1kb1r/2pp1ppp/p2q3n/p3N1B1/3PP2P/2N4R/1PP2PP1/R2QKB2 w Qkq - 0 12
WB	9.75	-5.21	e5c4	a5d5	rnb1kb1r/3p1ppp/p1pq3n/R3N1B1/3PP2P/2N4R/1PP2PP1/3QKB2 w kq - 0 13
WB	9.10	-5.35	d1f3	g2g4	rnb1k1nr/3pbppp/p2q4/3PN1B1/3P3P/2N1R3/1PP2PP1/3QKB2 w kq - 3 16
WB	8.27	-5.43	e5c4	h4g5	rnb1k1nr/3p1ppp/p2q4/3PN1b1/3P2PP/2N1R3/1PP2P2/3QKB2 w kq - 0 17
WB	22.91	-11.01	e5g6	e5c6	rnb1k1nr/3p1p1p/p6p/3PN3/3P2P1/2N1R3/1PP2P2/3QKB2 w kq - 0 19
WB	12.40	-0.82	c6e5	d1f3	rnb2knr/3p1p1p/p1N4p/3P4/3P2P1/2N1R3/1PP2P2/3QKB2 w - - 2 20
BB	-5.07	0.85	a7a5	b8c6	rnb4r/pp2kppp/3b1n2/4p3/1P2P1P1/2P2P2/PB2N2P/R3KB1R b KQ - 0 12
BB	-5.01	0.79	f6d7	f6e8	r1b4r/pp2kppp/2nb1n2/4p1P1/1P2P3/2P2P2/PB2N2P/R3KB1R b KQ - 0 13
BB	-5.16	0.67	a8d8	e8c7	r3n2r/pp2kppp/2nbb3/4p1P1/PP2P3/2P2P2/1B2N1BP/R3K2R b KQ - 2 15
BB	-5.09	1.22	g7g6	e7d7	r6r/ppn1kppp/2nbb3/4p1P1/PP2P3/2P2PN1/1B4BP/R3K2R b KQ - 4 16
BB	-4.40	0.61	e6f5	d6f8	r6r/ppnk1ppp/2nbb3/4pNP1/PP2P3/2P2P2/1B4BP/R3K2R b KQ - 6 17
BB	-4.27	0.76	d7e8	d7c8	r4b1r/ppnk1ppp/2n1b3/4pNP1/PP2P3/2P2P2/1B4BP/2KR3R b - - 8 18
BB	-4.51	2.66	f8d6	c6d4	rk3b1r/ppn2ppp/2nNb3/1P2p1P1/P3P3/2P2P2/1B4BP/2KR3R b - - 0 20
BB	0.13	2.79	h7h6	b7b6	r1bk1br1/pppn1p1p/3p1np1/1N4B1/3P4/5N2/PPP1BPPP/R4RK1 b - - 0 12
BB	1.30	3.69	c7c6	g8g7	r1bk1br1/p1pn1p1p/1p1p1np1/1N4B1/2BP4/5N2/PPP2PPP/R4RK1 b - - 1 13
BB	-2.86	2.23	c8a6	a7a5	r1bk1b2/p1p2prp/1p3np1/1N1p2N1/3P4/1B6/PPP2PPP/R4RK1 b - - 1 16
BB	-0.35	0.57	c7c6	c8d7	r1bk1b2/2p2pr1/1p3np1/pN1p2Np/P2P4/1B6/1PP2PPP/R3R1K1 b - - 1 18
BB	-0.36	0.89	c7c6	a8c8	r2k1b2/2pb1pr1/1p3np1/pN1p2Np/P2P4/1B2R3/1PP2PPP/R5K1 b - - 3 19
BB	0.79	1.12	e5d7	e5g6	r1bqkbnr/ppp1pppp/3p4/3Pn3/5P2/2N5/PPP1P1PP/R1BQKBNR b KQkq - 0 4
BB	1.01	2.39	h7h6	e7e6	r2qkb1r/pppbpppp/5n2/3PpP2/4P1P1/2N5/PPP4P/R1BQKB1R b KQkq - 0 9
BB	4.15	2.46	d8e7	e6d5	r2qkbnr/pppb2pp/4p3/3Pp1P1/2B1P3/2N5/PPP4P/R1BQK2R b KQkq - 2 12
BB	6.33	993.66	g8h6	h7h5	r2qkbnr/pppb2pp/8/3Qp1P1/2B1P3/2N5/PPP4P/R1B1K2R b KQkq - 0 13
BB	-5.11	4.57	g4e3	e6a2	r2qkb1r/1p3ppp/2n1b3/2P5/1P1pP1n1/8/NBPNP1PP/RQ2KB1R b KQkq - 0 13
BB	-0.59	2.49	a8a2	c6b4	r2qkb1r/1p3ppp/2n5/2P5/1P1pP1n1/8/RBPNP1PP/1Q2KB1R b Kkq - 0 14
BB	1.90	1.35	a8a4	b4c6	q3kb1r/1p3ppp/8/2P5/1n1BP1n1/8/2PNP1PP/1Q2KB1R b Kk - 0 16
BB	3.19	2.85	f8e7	c6d4	q3kb1r/1p3ppp/2n5/2P5/3BP1n1/4P3/2PN2PP/1Q2KB1R b Kk - 0 17
BB	6.09	1.35	f8e7	h7h5	q3kb1r/1p3ppp/8/2P5/3PP1n1/8/2PN2PP/1Q2KB1R b Kk - 0 18
BB	0.62	4.26	d7a4	f8a3	r3kbnr/pp1b1ppp/4p3/q2pP3/3P4/P1P2N2/3B1PPP/R2QKB1R b KQkq - 1 11
BB	4.80	1.00	a5a4	a5d8	r3k1nr/pp1b1ppp/4p3/q2pP3/3P4/bQP2N2/3B1PPP/R3KB1R b KQkq - 1 12
BB	5.45	1.86	a7a5	h7h5	r2qk1nr/pp1b1ppp/4p3/3pP3/3P4/Q1P2N2/3B1PPP/R3KB1R b KQkq - 0 13
BB	7.40	0.71	d7c6	h8g8	r2qk2r/pp1bnpp1/4p3/3pP1Bp/3P4/Q1PB1N2/5PPP/R3K2R b KQkq - 3 15
BB	7.85	0.66	h5h4	b7b5	r2qk1r1/1p1bnpp1/4p3/3pP1Bp/p2P4/Q1PB4/5PPP/R4RNK b q - 1 18
BB	8.00	0.95	g8f8	a8a5	r2qk1r1/3bnpp1/4p3/1p1pP1Bp/p2P4/Q1PB4/5PPP/RR4NK b q - 1 19
WB	2.77	-0.62	g5f4	g5e3	rnbqkbnr/2ppp1pp/1p3p2/6B1/p2PP3/2N2N2/PPP2PPP/R2QKB1R w KQkq - 0 6
WB	2.93	-0.55	f1d3	b2b3	rnbqkbnr/3pp1pp/1pp2p2/8/3PP3/2N1BN2/PRP2PPP/3QKB1R w Kkq - 0 9
WB	6.80	-1.04	b4c4	b4b3	rn2kbnr/1bqpp1pp/5p2/3P4/1R5P/2N1BN2/P1P2PP1/3QKB1R w Kkq - 1 14
WB	7.36	-1.52	c3b5	h4h5	rn2kbnr/1bqpp1pp/8/3P1p2/7P/1RN1BN2/P1P2PP1/3QKB1R w Kkq - 0 15
WB	11.67	-1.71	d1d3	d5e6	rn2kbnr/1bqp2p1/4p2p/3P3P/5R2/1RN1BN2/P1P2PP1/3QKB2 w kq - 0 18
WB	15.64	-4.57	d1g4	f4f7	rnq1kbnr/1b1p2p1/4P2p/7P/3N1R2/1RN1B3/P1P2PP1/3QKB2 w kq - 3 20
WB	2.41	-2.83	c1d2	b5f5	2kr3r/ppp2ppp/8/1R3b2/3bp3/6P1/P3PPBP/2B1K1NR w K - 0 15
WB	-0.04	-999.95	c1d2	e1f1	2kr3r/ppp2ppp/8/5R2/4p3/2b3P1/P3PPBP/2B1K1NR w K - 1 16
BB	-0.39	0.97	f8b4	b8c6	rn1qkb1r/pbpp1pp1/1p2pn1p/8/2PP1B2/2N2N2/PP2PPPP/R2QKB1R b KQkq - 1 6
BB	0.60	0.57	e6d5	c6a5	r2qkb1r/pbpp1pp1/1pn1pn1p/3P4/2P2B2/2N2N2/PP2PPPP/R2QKB1R b KQkq - 0 7
BB	0.00	3.76	f8b4	h6h5	r2qkb1r/pbpp1pp1/1p2pn1p/n2P4/2P1PB2/2N2N2/PP3PPP/R2QKB1R b KQkq - 0 8
BB	3.61	0.59	f6h7	f6g4	r2qkb1r/pbpp1pp1/1p2pn2/n2PP2p/2P2B2/2N2N2/PP3PPP/R2QKB1R b KQkq - 0 9
BB	4.00	0.79	f8b4	h6f5	r2qkb1r/pbpp1pp1/1p2p2n/n2PP2p/2P2B2/2NB1N1P/PP3PP1/R2QK2R b KQkq - 2 11
BB	4.62	1.31	f5h4	g7g6	r2qkb1r/pbpp1pp1/1p2p3/n2PPn1p/2P2B2/2NB1N1P/PP3PP1/R2Q1RK1 b kq - 4 12
BB	5.93	0.81	f8e7	f8c5	r2qkb1r/pbpp1p2/1p2p1p1/n2PPn1p/2P2B2/2NB1N1P/PP3PP1/R2QR1K1 b kq - 1 13
BB	6.76	1.87	c5e7	e6d5	r2qk2r/pbpp1p2/1p2p1p1/n1bPPn1p/2P1NB2/3B1N1P/PP3PP1/R2QR1K1 b kq - 3 14
BB	8.83	1.34	e8f8	e8e7	r2qk2r/pbpp1p2/1p3Np1/n1bpPn1p/2P2B2/3B1N1P/PP3PP1/R2QR1K1 b kq - 1 15
BB	9.52	4.22	f5g7	f5d6	r2q3r/pbppkp2/1p3Np1/n1bPPn1p/5B2/3B1N1P/PP3PP1/R2QR1K1 b - - 0 16
BB	14.14	985.85	e7f8	e7f6	r2q3r/pbppkp2/1p1P1Np1/n1bP3p/5B2/3B1N1P/PP3PP1/R2QR1K1 b - - 0 17
BB	11.42	2.13	d8e8	d8c8	r2q3r/pbPp1p2/1p3kp1/n1bP3p/5B2/3B1N1P/PP3PP1/R2QR1K1 b - - 0 18
BB	-0.73	1.68	d6b4	h7h5	r1b1kb1r/1pp1pppp/p1nq1n2/3pN3/3P1B2/2N5/PPP1PPPP/R2QKB1R b KQkq - 5 6
BB	-0.14	0.95	e7e6	d8d6	r1bqkb1r/1pp1ppp1/p1n2n2/3pN2p/3P1B2/2N5/PPP1PPPP/R2QKB1R b KQkq - 3 8
BB	-3.13	0.53	e4e3	e4e3	r1bqkb1r/1p3ppp/2n2n2/p1P5/1P1pp3/P7/NBPNPPPP/R2QKB1R b KQkq - 1 9
BB	-5.02	4.50	g4e3	e6a2	r2qkb1r/1p3ppp/2n1b3/2P5/1P1pP1n1/8/NBPNP1PP/RQ2KB1R b KQkq - 0 13
BB	-0.50	2.32	a8a2	c6b4	r2qkb1r/1p3ppp/2n5/2P5/1P1pP1n1/8/RBPNP1PP/1Q2KB1R b Kkq - 0 14
BB	1.94	1.48	a8a4	b4c6	q3kb1r/1p3ppp/8/2P5/1n1BP1n1/8/2PNP1PP/1Q2KB1R b Kk - 0 16
BB	3.51	2.73	f8e7	c6d4	q3kb1r/1p3ppp/2n5/2P5/3BP1n1/4P3/2PN2PP/1Q2KB1R b Kk - 0 17
BB	6.19	1.47	f8e7	h7h5	q3kb1r/1p3ppp/8/2P5/3PP1n1/8/2PN2PP/1Q2KB1R b Kk - 0 18
BB	-2.29	1.52	d7e5	h7h5	r6r/pb1nkppp/1p2p3/2p5/2P5/P1P1B1P1/4PP1P/3RKBR1 b - - 2 14
BB	-3.02	2.35	b7g2	a8b8	r6r/pb1nkpp1/1p2p3/2p4p/2P5/P1P1B1P1/4PPBP/3RK1R1 b - - 1 15
BB	-2.39	1.76	d7e5	b7b8	7r/pr1nkpp1/1p2p3/2p4p/2P4P/P1P1B1P1/4PP2/3RK1R1 b - - 0 17
BB	-1.39	1.39	h5g4	d7f6	1r5r/p2nkpp1/1p2p3/2p4p/2P3PP/P1P1B3/4PP2/3RK1R1 b - - 0 18
BB	-0.65	0.99	f7f6	d7f6	1r5r/p2nkpp1/1p2p1P1/2p4p/2P4P/P1P1B3/4PP2/3RK1R1 b - - 0 20
BB	-0.13	6.26	d8d1	c8g4	rnbqkb1r/ppp1pp1p/5np1/4P3/8/2N5/PPP2PPP/R1BQKBNR b KQkq - 0 5
BB	4.25	0.51	f8g7	f8d6	2kr1b1r/pppb1p1p/2n2pp1/8/8/2N1BP2/PPP3PP/2KR1BNR b - - 5 11
BB	4.19	0.82	h8e8	d7e6	2kr3r/pppb1p1p/2nb1pp1/1B6/8/2N1BP2/PPP3PP/2KR2NR b - - 7 12
BB	4.19	0.82	h4h3	d8a8	3r3r/pkp2p2/2pbbpp1/8/3R3p/1PN1BP2/P1P1N1PP/2KR4 b - - 1 17
BB	4.39	0.81	a8e8	g6g5	r6r/pkp2p2/2pbbpp1/8/3R3p/1PN1BPP1/P1P1N2P/2KR4 b - - 0 18
BB	4.68	0.60	a8e8	g5h4	r6r/pkp2p2/2pbbp2/6p1/3R3P/1PN1BP2/P1P1N2P/2KR4 b - - 0 19
BB	5.05	1.46	d6a3	d6e5	r6r/pkp2p2/2pbbp2/8/3RN2p/1P2BP2/P1P1N2P/2KR4 b - - 1 20
WB	0.13	-0.65	c4c5	c1d2	r1bqr1k1/1pp2pp1/2np1n1p/8/p1P1p3/2P1N1P1/PPQ1PPBP/R1BR2K1 w - - 0 13
WB	-0.41	-2.76	b2b3	g2e4	r2qr1k1/1ppb1pp1/3p1n1p/3Nn3/p1P1p3/2P3P1/PPQBPPBP/R2R2K1 w - - 4 15
WB	-3.09	-0.77	h2h3	d2f4	r2qr1k1/1pp2pp1/3p3p/3Nn3/p1P1Q1b1/2P3P1/PP1BPP1P/R2R2K1 w - - 1 17
WB	-3.52	-1.96	d5e3	f2f3	r2q2k1/1p3pp1/2pp3p/3N4/p1P1PBb1/2P3P1/PP3P1P/R2R2K1 w - - 0 20
WB	-5.48	-2.30	d1f1	d1e1	r2q2k1/1p3pp1/2pp3p/3N4/p1P1PB2/2P2bP1/PP5P/R2R2K1 w - - 0 21
WB	2.12	-1.82	f3h4	h2h4	rnbqk2r/ppp1p1b1/5p1p/3pB1pn/3P4/2N1PN2/PPP2PPP/R2QKB1R w KQkq - 0 8
WB	1.50	-0.91	f3e5	d4e5	rnbqk2r/ppp1p1b1/8/3pp1pn/3P4/2N1PN2/PPP2PP1/R2QKB1R w KQkq - 0 10
WB	1.09	-3.53	f1d3	f1b5	rnbqk2r/ppp1p1b1/8/3pP2n/6p1/2N1PN2/PPP2PP1/R2QKB1R w KQkq - 0 11
WB	-2.13	-2.71	b5d3	b5f1	rnbqk2r/pp2p1b1/2p5/1B1pP2n/6p1/2N1PN2/PPP2PP1/R2QK2R w KQkq - 0 12
WB	-4.16	-1.91	f3d4	c3a4	rnb1k2r/pp2p1b1/1qp5/3pP2n/6p1/2N1PN2/PPP2PP1/R2QKB1R w KQkq - 2 13
WB	-6.33	-0.54	a4c3	a4c3	rnb1k2r/pp2p1b1/2p5/q2pP2n/N5p1/4PN2/PPP2PP1/R2QKB1R w KQkq - 4 14
WB	-6.62	-2.20	d1f3	d1d4	rnb1k2r/pp2p1b1/2p5/q2pP2n/8/2N1Pp2/PPP2PP1/R2QKB1R w KQkq - 0 15
WB	-8.55	-2.39	g2f3	b2b4	r1b1k2r/pp1np1b1/2p5/q2pP2n/3Q4/2N1Pp2/PPP2PP1/R3KB1R w KQkq - 2 16
WB	-10.87	-5.26	c3b1	e3e4	r1b1k2r/pp1np1b1/2p5/3pP2n/1P1Q4/q1N1Pp2/P1P2PP1/R3KB1R w KQkq - 1 17
WB	-15.74	-6.23	c3b1	c3b5	r1b1k2r/pp1np3/2p5/3pb2n/1P1QP3/q1N2p2/P1P2PP1/R3KB1R w KQkq - 0 18
WB	-21.90	-978.07	d4e3	d4d1	r1b1k2r/pp1np3/8/1p1pb2n/1P1QP3/q4p2/P1P2PP1/R3KB1R w KQkq - 0 19
BB	-0.28	0.66	c8g4	e8g8	r1bqk2r/ppp2pp1/3p1n1p/2b1p3/4P2B/1P1P1N2/1PP2PPP/RN1Q1RK1 b kq - 0 9
BB	0.24	0.51	g7g5	d8e7	r2q1rk1/pppb1pp1/3p1n1p/2b1p3/4P2B/1PPP1N2/1P1N1PPP/R2Q1RK1 b - - 0 11
BB	-0.20	2.44	d7g4	d6d5	r4rk1/pppbqpp1/1b1p1n1p/4p3/1P2P2B/1NPP1N2/1P3PPP/R2Q1RK1 b - - 2 13
BB	2.37	2.13	f8e8	g8h8	r4rk1/pppbqpp1/1b3n1p/3Pp3/1P5B/1NPP1N2/1P3PPP/R2Q1RK1 b - - 0 14
BB	4.29	1.58	f6d5	d6d5	r4r1k/pppb1pp1/1b1q1n1p/3PN3/1P5B/1NPP4/1P3PPP/R2QR1K1 b - - 0 16
BB	5.72	1.28	d5e6	d5d6	r4r1k/pppb1pp1/1b3n1p/3qN3/1PP4B/1N1P4/1P3PPP/R2QR1K1 b - - 0 17
WB	0.39	-0.51	c2c4	d2d3	r1bqkbnr/pppp1ppp/2n5/4p3/8/6P1/PPPPPPBP/RNBQK1NR w KQkq - 2 3
WB	0.60	-4.05	e2e4	c1e3	r2qkb1r/ppp3pp/2n1pn2/3pp3/8/2NP2P1/PPP1PPBP/R1BQK2R w KQkq - 0 8
WB	-3.29	-1.26	e3d2	g2c6	r2qkb1r/ppp3pp/2n1pn2/4p3/3p4/2NPB1P1/PPP1PPBP/R2QK2R w KQkq - 0 9
WB	-2.09	-0.53	g7h6	g7d4	r2qk1r1/p1p3Bp/2pbp3/3n4/8/3P2P1/PPP1PP1P/R2QK2R w KQq - 1 14
WB	-1.56	-0.72	e2e4	d1d2	r3kr2/p1p4p/2pb1q2/4p3/8/2PP2P1/P1P1PP1P/R2Q1RK1 w q - 3 18
WB	-1.29	-0.74	d2e3	a2a4	2kr1r2/p1p4p/2pb1q2/4p3/8/2PP2P1/P1PQPP1P/R4RK1 w - - 5 19
WB	-1.58	-1.48	e2e3	e2e4	2kr1r2/p1p4p/2p2q2/2b1p3/P7/2PP2P1/2PQPP1P/R4RK1 w - - 1 20
WB	-3.06	-2.32	a1d1	g1g2	2kr4/p1p2r1p/2p2q2/2b1p3/P3P3/2PP2P1/2PQ1P1P/R4RK1 w - - 1 21
BB	0.25	0.51	c7c5	d7d6	rnbqkbnr/pppppppp/8/8/4P3/8/PPPP1PPP/RNBQKBNR b KQkq - 0 1
BB	-0.05	1.52	d6d5	c8e6	r1bqkb1r/ppp1pppp/2np1n2/8/4P3/2NPB3/PPP2PPP/R2QKBNR b KQkq - 2 4
BB	1.18	2.69	d6d5	h7h5	r2qkb1r/ppp1pppp/2npbn2/8/3PP3/2N1B3/PPP2PPP/R2QKBNR b KQkq - 0 5
BB	3.07	1.61	e7e6	h8h5	r2qkb1r/p3ppp1/2pp1n2/4n3/B3P1p1/2N1B3/PPP3PP/R2QK1NR b KQkq - 1 11
BB	3.44	3.92	f6d7	g7g6	r2qkb2/p3ppp1/2pp1n2/4n2r/B3PBp1/2N5/PPP3PP/R2QK1NR b KQq - 3 12
BB	7.17	1.91	h5e5	d6e5	r2qkb2/p3pp2/2pp1np1/4B2r/B3P1p1/2N5/PPP3PP/R2QK1NR b KQq - 0 13
BB	4.85	0.52	e4c6	e4b4	4kb2/p2npp2/6p1/1N2p2r/4q1p1/8/PPP1Q1PP/R3K1NR b KQ - 1 17
BB	5.30	1.92	b4c5	b4a4	4kb2/p2npp2/6p1/1N2p2r/1q4p1/2P5/PP2Q1PP/R3K1NR b KQ - 0 18
BB	1.70	1.32	f8h6	e7e6	4kb2/p2npp2/6p1/1N2p2r/q5p1/2P5/PP2Q1PP/R4KNR b - - 2 19
BB	1.58	2.00	a4f4	h5f5	4kb2/p2n1p2/4p1p1/1N2p2r/q5p1/1PP5/P3Q1PP/R4KNR b - - 0 20
WB	1.01	-0.81	c3d4	f3d4	r2qk2r/1ppbbppp/p1np1n2/8/3pP3/2PB1N2/PP3PPP/RNBQR1K1 w kq - 0 9
WB	2.44	-3.41	d4e5	e1e5	r2qr1k1/1ppbbppp/p4n2/4p3/3P4/2NB4/PP3PPP/R1BQR1K1 w - - 0 13
WB	-0.18	-0.87	e5e8	c1f4	r2qr1k1/1ppb1ppp/p2b1n2/4R3/3P4/2NB4/PP3PPP/R1BQ2K1 w - - 1 14
WB	-1.23	-2.22	d4e5	f4e5	r2qr1k1/1ppb1ppp/p4n2/4b3/3P1B2/2NB4/PP3PPP/R2Q2K1 w - - 0 15
WB	-2.20	-0.51	d3c2	a2a4	r2qr1k1/1pp2ppp/p1b2n2/4B3/3P4/2NB4/PP3PPP/R2Q2K1 w - - 1 16
WB	-2.35	-997.64	d3f1	g2g3	r3r1k1/1pp2ppp/p1b5/P2qB3/3P4/2PB4/5PPP/R2Q2K1 w - - 1 19
WB	0.27	-0.72	e2e3	b1a3	r2qkbnr/ppp1pppp/2n5/3p4/8/1P3P2/PBPPPP1P/RN1QKB1R w KQkq - 1 5
WB	1.32	-1.77	d2d4	g1g3	r2qk2r/ppp2p1p/2n2np1/3pp3/8/BP2PP2/P1PP1P1P/R2QKBR1 w Qkq - 0 9
WB	0.81	-0.77	f1b5	f3f4	r2qk2r/ppp2p1p/2n2np1/3p4/4p3/BP2PPR1/P1PP1P1P/R2QKB2 w Qkq - 0 10
WB	1.31	-1.58	f1b5	a3c5	r2qk2r/ppp2p1p/2n2np1/8/3ppP2/BP2P1R1/P1PP1P1P/R2QKB2 w Qkq - 0 11
WB	0.64	-2.06	d2e3	c5e3	r2qk2r/ppp2p1p/2n2np1/2B5/4pP2/1P2p1R1/P1PP1P1P/R2QKB2 w Qkq - 0 12
WB	-0.68	-0.62	c2c4	a2a4	r2qk2r/ppp2p1p/2n3p1/3n4/4pP2/1P2B1R1/P1PP1P1P/R2QKB2 w Qkq - 1 13
WB	-0.77	-0.72	f1c4	a4a5	r2qk2r/ppp4p/2n3p1/3n1p2/P3pP2/1P2B1R1/2PP1P1P/R2QKB2 w Qkq - 0 14
WB	0.00	-0.63	a1d1	e1d1	r3k2r/ppp4p/2n3p1/P4p2/4pP2/1P2P1R1/2P2P1P/R2qKB2 w Qkq - 0 16
WB	-0.51	-8.45	a1c1	c2c3	2kr3r/ppp4p/6p1/P4p2/1n2pP2/1P2P1R1/2P2P1P/R3KB2 w - - 3 18
WB	-9.17	-1.33	a5a6	b3b4	2kr3r/ppp4p/6p1/P4p2/4pP2/1PP1P1R1/4KP1P/n4B2 w - - 0 20
WB	1.11	-1.09	e1g1	e1f1	rnbqk2r/ppp2ppp/4pn2/8/1b1P4/2NB1N2/PPP2PPP/R1BQK2R w KQkq - 2 7
WB	2.80	-1.08	c3c4	h1g1	r2q1rk1/p1pb1ppp/2n1p3/3n4/3P4/1RPB1N2/P1P2PPP/2BQ1K1R w - - 3 12
WB	2.56	-3.06	b3a3	c1g5	r2q1rk1/p1pb1ppp/4p3/n2n4/3P4/1RPB1N2/P1P2PPP/2BQ1KR1 w - - 5 13
WB	-0.49	-1.09	g5d2	b3a3	r2q1rk1/p1pb2pp/4pp2/n2n2B1/3P4/1RPB1N2/P1P2PPP/3Q1KR1 w - - 0 14
WB	1.92	-1.75	d3h7	d1e1	r2q1rk1/p1pb2pp/4p3/R5p1/3P4/2nB1N2/P1P2PPP/3Q1KR1 w - - 0 16
WB	0.33	-2.50	e1e4	a5a6	r2q1rk1/p1pb2pp/4p3/R2n2p1/3P4/3B1N2/P1P2PPP/4QKR1 w - - 2 17
WB	-2.16	-7.41	a6a5	d3e4	r2q1rk1/p1pb2pp/R3p3/6p1/3P1n2/3B1N2/P1P2PPP/4QKR1 w - - 4 18
WB	-4.91	-5.88	a6a5	a6a7	1r1q1rk1/p1pb2pp/R3p3/6p1/3PBn2/5N2/P1P2PPP/4QKR1 w - - 6 19
WB	-10.87	-989.04	e4d3	c2c4	1r1q1rk1/R1p3pp/4p3/1b4p1/3PBn2/5N2/P1P2PPP/4QKR1 w - - 1 20
WB	1.55	-0.73	d1g4	g1f3	rnbqk2r/ppp1bppp/4p3/3nP3/2BP4/2N5/PP3PPP/R1BQK1NR w KQkq - 1 7
WB	2.41	-2.04	d1d2	f3d2	rn1qk2r/pppb1ppp/8/3BP3/3P4/5N2/PP1b1PPP/R2QK2R w KQkq - 0 11
WB	8.61	-0.55	g2g3	b7c6	1r3rk1/pQ3ppp/1n6/4P3/3PBq2/5N2/PP3PPP/R4RK1 w - - 5 20
WB	0.30	-4.69	e2e4	c1e3	r2qkb1r/pp3ppp/n1p2n2/3pp3/8/2NP1BPP/PPP1PP2/R1BQK2R w KQkq - 2 8
WB	0.27	-5.45	e3d2	e1d2	r2qkb1r/pp3ppp/2p2n2/3pp3/1n6/2NPBBPP/PPP1PP2/R2QK2R w KQkq - 4 9
WB	-1.37	-4.57	d3d4	a2a4	r2qk2r/pp2bppp/2p2n2/3pp3/1n6/2NPBBPP/PPPKPP2/R2Q3R w kq - 6 10
WB	-3.08	-2.97	e3g5	a4a5	r2q1rk1/pp2bppp/2p2n2/3pp3/Pn6/2NPBBPP/1PPKPP2/R2Q3R w - - 1 11
WB	-0.62	-5.59	e3b6	d1g1	r2q1rk1/1p2bppp/p1p2n2/P2pp3/1n6/2NPBBPP/1PPKPP2/R2Q3R w - - 0 12
WB	-5.93	-1.50	g5f6	g5e3	r2q1rk1/1p2bpp1/p1p2n1p/P2np1B1/7P/2PP1BP1/2PKPP2/R5QR w - - 0 16
WB	-5.61	-1.12	e3e4	g1f2	r2q1rk1/1p2bpp1/p1p4p/P2np3/7P/2PPPBP1/2PKP3/R5QR w - - 1 18
WB	-4.72	-1.49	g3g4	f3e4	r2q1rk1/1p2b1p1/p1p2p1p/P2np3/7P/2PPPBP1/2PKPQ2/R6R w - - 0 19
WB	-5.96	-0.55	e4d5	d3d4	r2q1rk1/1p4p1/p1p2p1p/P1bnp3/4B2P/2PPP1P1/2PKPQ2/R6R w - - 2 20
WB	-4.43	-3.74	e3d4	c3d4	r2q1rk1/1p4p1/p1p2p1p/P1bn4/3pB2P/2P1P1P1/2PKPQ2/R6R w - - 0 21
WB	2.66	-3.70	a2a3	a2a4	r1bq1rk1/ppp2ppp/2n5/b1Pp4/3Pn3/3B1N2/PP3PPP/RNBQ1RK1 w - - 1 10
WB	-1.00	-2.50	g5e3	g5d2	r2q1rk1/ppp3pp/5p2/b1Pp1bB1/Pn1Pn3/R2B1N2/1P3PPP/1N1Q1RK1 w - - 0 13
WB	-3.45	-1.02	a3d3	d2a5	r2q1rk1/ppp3pp/5p2/b1Pp1b2/P2Pn3/R2n1N2/1P1B1PPP/1N1Q1RK1 w - - 0 14
WB	-4.04	-0.72	d1b3	d1c2	r2q1rk1/ppp3pp/5p2/B1Pp1b2/P2Pn3/R4N2/1n3PPP/1N1Q1RK1 w - - 0 15
WB	-4.55	-1.77	f3h4	a5d2	r2q1rk1/ppp3pp/5p2/B1Pp1b2/P1nPn3/R4N2/2Q2PPP/1N3RK1 w - - 2 16
WB	-5.31	-2.32	a3b3	g1f1	r2q1rk1/ppp3pp/5p2/2Pp1Q2/P1nP4/R4N2/5PPP/1N3nK1 w - - 0 18
WB	-7.71	-0.65	f5c2	f5d3	r2q1rk1/pp4pp/2p2p2/2Pp1Q2/P2P4/N4N2/5PPP/5K2 w - - 0 20
BB	-1.39	1.15	g7g6	c8e6	r1bqkb1r/pp2pppp/2np4/2n5/8/2P1BN2/PP2BPPP/RN1QK2R b KQkq - 3 7
BB	-0.60	1.16	e6d7	h7h5	r2qkb1r/pp2pppp/2npb3/2n5/8/2P1BN2/PP2BPPP/RN1Q1RK1 b kq - 5 8
BB	-1.04	4.78	c5e4	d8b6	r2qkb1r/pp2pp2/2npb1p1/2n4p/1P6/2P1BN2/P2QBPPP/RN3RK1 b kq - 0 10
BB	2.46	3.12	f8g7	d8d4	3rkb1r/pp2pp2/1q2b1p1/2p4p/2PN4/2Q1B3/P3BPPP/RN3RK1 b k - 0 14
BB	4.19	1.02	f8h6	b6c6	4kb1r/pp2pp2/1q2b1p1/7p/2Pp4/1Q6/P3BPPP/RN3RK1 b k - 1 16
BB	4.47	0.51	f8g7	f8g7	4kb1r/pp2pp2/2q1b1p1/7p/2Pp4/1Q6/P3BPPP/RN1R2K1 b k - 3 17
BB	3.56	4.03	c6f3	e6c4	4k2r/pp2ppb1/2q1b1p1/7p/2Pp4/5Q2/P3BPPP/RN1R2K1 b k - 5 18
WB	1.17	-1.06	h2h4	c3d5	rnbq1rk1/pppppnbp/5pp1/8/2PP4/2N1PN2/PP1B1PPP/R2QKB1R w KQ - 3 7
WB	0.29	-0.91	d4e5	h2h4	rnbq1rk1/ppp2nbp/3p1pp1/3Np3/2PPP3/5N2/PP1B1PPP/R2QKB1R w KQ - 0 9
WB	0.44	-3.84	d4d5	a2a4	rn1q1rk1/pp3nbp/2pp1pp1/4p3/2PPP1bP/2N2N2/PP1B1PP1/R2QKB1R w KQ - 2 11
WB	-3.46	-3.31	c3e2	c3a2	rn1q1rk1/pp3nbp/2pp1pp1/8/P1PpP1bP/2N2N2/1P1B1PP1/R2QKB1R w KQ - 0 12
WB	-4.58	-3.77	f3d4	f1d3	rn1qr1k1/pp3nbp/2pp2p1/5p2/P1PpP1bP/5N2/NPQB1PP1/R3KB1R w KQ - 0 14
WB	-8.04	-3.46	e1g1	f3e5	rn1qr1k1/pp3nbp/2pp2p1/5b2/P1PpB2P/5N2/NPQB1PP1/R3K2R w KQ - 1 16
WB	-11.41	-2.18	c2e4	c2b3	rn1qr1k1/pp3nbp/2pp2p1/4N3/P1Ppb2P/8/NPQB1PP1/R3K2R w KQ - 0 17
WB	-13.41	-5.44	h1h2	e1e2	rn1qr1k1/pp3nbp/2pp2p1/4N3/P1Pp3P/1Q6/NP1B1Pb1/R3K2R w KQ - 0 18
WB	-18.83	-5.30	d2e3	e2d3	rn1q2k1/pp3nbp/2pp2p1/4r3/P1Pp3P/1Q6/NP1BKPb1/R6R w - - 0 19
WB	-23.84	-976.11	d3e2	d3d4	rn1q2k1/pp3nbp/2pp2p1/4r3/P1Ppb2P/1Q1K4/NP1B1P2/R6R w - - 2 20
BB	-1.82	2.13	d7d5	b8c6	rnb1kbnr/pppp1ppp/8/8/2Bpq3/2P5/PP2NPPP/RNBQK2R b KQkq - 1 5
BB	-9.05	0.57	h1d1	h1h2	r1b1kbnr/pppp1ppp/2n5/8/2BP4/4B3/PP1KNP1P/RN1Q3q b kq - 1 8
BB	-9.04	0.85	c6a5	h2h5	r1b1kb1r/pppp1ppp/2n2n2/8/2BP4/1QN1B3/PP1KNP1q/R7 b kq - 3 10
BB	-8.27	4.41	c6a5	c6d4	r1b1kb1r/pppp1ppp/2n2n2/7q/2BP1N2/1QN1B3/PP1K1P2/R7 b kq - 5 11
BB	-4.28	9.02	h5h4	f6e4	r1b1kb1r/pppp1ppp/5n2/7q/2BB1N2/1QN5/PP1K1P2/R7 b kq - 0 12
BB	3.71	5.65	c7c6	f7f5	r1b1kb1r/pppp1ppp/8/q7/2BBNN2/1Q6/PPK2P2/R7 b kq - 2 14
BB	9.92	6.83	f8e7	h7h5	r1b1kb1r/pppp2pp/8/q4pN1/2BB1N2/1Q6/PPK2P2/R7 b kq - 1 15
BB	0.19	1.58	g4f3	g4e6	3rkb1r/ppq1pppp/2n2n2/1B1p4/3P2b1/2N2N1P/PPP1QPP1/R1B2RK1 b k - 0 9
BB	1.30	2.09	a7a6	h7h5	3rkb1r/ppq1pppp/2n1bn2/1B1p4/3P4/2N2N1P/PPP1QPP1/R1B1R1K1 b k - 2 10
BB	2.78	1.11	a7a6	g7g6	3rkb1r/ppq1ppp1/2n1bn2/1B1p2Bp/3P4/2N2N1P/PPP1QPP1/R3R1K1 b k - 1 11
BB	-0.62	0.85	f8d6	h8h5	3rkb1r/p1q2p2/2p1bpp1/3p4/3P3p/P1N2N1P/1PP1QPP1/3RR1K1 b k - 1 15
BB	-0.38	1.26	f8d6	a7a5	3rkb2/p1q2p2/2p1bpp1/3p3r/3P3p/P1N4P/1PPNQPP1/3RR1K1 b - - 3 16
BB	-1.54	1.54	e8f8	d5d4	3rk3/2q2p2/2p1bpp1/2Pp2r1/p6p/P6P/NPP1QPP1/3RR1K1 b - - 0 20
WB	0.00	-0.58	c1d2	b1c3	r1bqk2r/pppp1ppp/2n2n2/8/1bBPP3/5N2/PP3PPP/RNBQK2R w KQkq - 1 7
WB	-0.88	-1.48	g5f4	a1b1	r4rk1/pbpp1ppp/1p1n2q1/3P2B1/3Q4/2P2N2/P4PPP/R3R1K1 w - - 2 17
WB	-2.51	-2.04	g5d2	a2a4	4rrk1/pbpp1ppp/1p1n2q1/3P2B1/3Q4/2P2N2/P4PPP/1R2R1K1 w - - 4 18
WB	-4.40	-3.35	d4d2	d4d1	5rk1/pbpp1ppp/1p1n2q1/3P2B1/P2Qr3/2P2N2/5PPP/1R2R1K1 w - - 1 19
WB	-7.90	-0.77	g5h4	b1b4	5rk1/p1pp1ppp/1p1n2q1/3b2B1/P7/2P2N2/5PPP/1R2Q1K1 w - - 0 21
WB	1.59	-1.24	e4e5	h2h4	rnb1kb1r/ppq1ppp1/2pp1n1p/8/2PPP3/2N2N2/PP1B1PPP/R2QKB1R w KQkq - 0 7
WB	0.48	-0.72	d4d5	a2a4	rnb1kb1r/ppq2pp1/2pp1n1p/4p3/2PPP2P/2N2N2/PP1B1PP1/R2QKB1R w KQkq - 0 8
WB	0.46	-1.70	d4d5	a4a5	rn2kb1r/ppq2pp1/2pp1n1p/4p3/P1PPP1bP/2N2N2/1P1B1PP1/R2QKB1R w KQkq - 1 9
WB	-1.37	-0.87	c3e2	c3a4	rn2kb1r/ppq2pp1/2pp1n1p/P7/2PpP1bP/2N2N2/1P1B1PP1/R2QKB1R w KQkq - 0 10
WB	-2.25	-2.38	f1e2	d2b4	rn2kb1r/ppq2pp1/2pp3p/P7/N1Ppn1bP/5N2/1P1B1PP1/R2QKB1R w KQkq - 0 11
WB	-4.85	-1.56	f1d3	b4d2	rn2kb1r/ppq2pp1/3p3p/P1p5/NBPpn1bP/5N2/1P3PP1/R2QKB1R w KQkq - 0 12
WB	-4.83	-1.01	b2b3	a1a3	rn2k2r/ppq1bpp1/3p3p/P1p5/N1Pp3P/5P2/1P1Q1P2/R3KB1R w KQkq - 1 15
WB	-3.40	-2.89	a4b6	f1e2	rn3rk1/ppq1bpp1/3p3p/P1p5/N1Pp3P/R4P2/1P1Q1P2/4KB1R w K - 3 16
WB	-6.25	-1.00	h1g1	h1h3	4rrk1/ppqnbpp1/3p3p/P1p5/N1Pp1P1P/R7/1P1QBP2/4K2R w K - 1 18
WB	-6.06	-1.23	e1f1	f4f5	4rrk1/ppqn1pp1/3p1b1p/P1p5/N1Pp1P1P/R6R/1P1QBP2/4K3 w - - 3 19
WB	-6.70	-1.09	b2b4	d2d1	4rrk1/pp3pp1/2qp1b1p/P1p1nP2/N1Pp3P/R6R/1P1QBP2/5K2 w - - 3 21
BB	-21.33	9.02	f6f2	g6h5	r1b4r/ppp2k1p/5qp1/n1bNp2Q/4P3/3P4/PPP2PPP/R3K2R b KQ - 1 11
BB	-18.32	0.92	e6c4	e6a2	r6r/ppp4p/4bk2/n6p/3pP3/2b5/P4PPP/3R1RK1 b - - 1 17
BB	-18.16	0.84	a2c4	a2e6	r6r/ppp4p/5k2/n6p/3pPP2/2b5/b5PP/3R1RK1 b - - 0 18
BB	-18.48	0.76	f6f5	f6e7	r6r/ppp4p/4bk2/n3P2p/3p1P2/2b5/6PP/3R1RK1 b - - 0 19
BB	-18.86	1.07	e6d5	e6f7	r6r/ppp1k2p/4b3/n3PP1p/3p4/2b5/6PP/3R1RK1 b - - 0 20
BB	-1.25	0.98	d8g5	h8h6	r2qkb1r/pp3pp1/2b1p3/2p1P2p/4p3/1P2P1P1/P1P2PBP/R1BQR1K1 b kq - 0 12
BB	-0.31	0.60	d8d1	a7a5	r2qkb2/pp3pp1/2b1p2r/2p1P2p/4p3/1P2P1P1/PBP2PBP/R2QR1K1 b q - 2 13
BB	0.00	1.10	a5a4	a8a6	r2qkb2/1p3pp1/2b1p2r/p1p1P2p/4p3/1P2P1P1/PBP1QPBP/R3R1K1 b q - 1 14
BB	0.25	0.54	g7g5	a5a4	3qkb2/1p3pp1/r1b1p2r/p1p1P2p/4p2P/1P2P1P1/PBP1QPB1/R3R1K1 b - - 0 15
BB	-1.63	1.68	g7g5	c5c4	3qkb2/1p3pp1/2b1p2r/2p1P2p/r3p2P/P3P1P1/1BP1QPB1/R3R1K1 b - - 0 17
BB	-3.10	3.10	h6g6	e4f3	3qkb2/1p3pp1/2b1p2r/4P2p/r1p1p2P/P3PPP1/1BP1Q1B1/R3R1K1 b - - 0 18
BB	0.00	1.28	h6g6	g7g5	3qkb2/1p3pp1/2b1p2r/4P2p/r1p4P/P3PBP1/1BP1Q3/R3R1K1 b - - 0 19
WB	0.52	-0.52	b2b4	d1a4	rnbqk2r/ppp3pp/3p1n2/2b1pp2/2P5/2NP2P1/PP2PPBP/R1BQK1NR w KQkq - 0 6
WB	-0.18	-4.96	a4d1	a4a5	rn1qk2r/pppb2pp/3p1n2/2b1pp2/Q1P5/2NP2P1/PP2PPBP/R1B1K1NR w KQkq - 2 7
WB	-5.03	-2.13	a5c5	a5a4	rn1qk2r/p1pb2pp/1p1p1n2/Q1b1pp2/2P5/2NP2P1/PP2PPBP/R1B1K1NR w KQkq - 0 8
WB	-6.45	-0.64	d3e4	f3g5	3qk2r/p1p3pp/1pnp1n2/2b2p2/2P1p3/2NP1NP1/PP2PP1P/R1B1K2R w KQk - 0 12
WB	-6.98	-0.84	e1g1	e2d3	3qk2r/p1p3pp/1pnp1n2/2b2pN1/2P5/2Np2P1/PP2PP1P/R1B1K2R w KQk - 0 13
WB	-7.74	-1.67	e1f1	c3e2	4k2r/p1p1q1pp/1pnp1n2/2b2pN1/2P5/2NP2P1/PP3P1P/R1B1K2R w KQk - 1 14
WB	-8.48	-0.86	g5h3	g5f3	4k2r/p1p1q1p1/1pnp1n1p/2b2pN1/2P5/3P2P1/PP2NP1P/R1B1K2R w KQk - 0 15
WB	-9.33	-0.67	c1f4	h1f1	4k2r/p1p1q1p1/1pnp3p/2b2p2/2P3n1/3P1NP1/PP2NP1P/R1B1K2R w KQk - 2 16
WB	-7.75	-1.36	h2h3	c1d2	4k2r/p1p1q3/1pnp3p/2b2pp1/2P3n1/3P1NP1/PP2NP1P/R1B1KR2 w Qk - 0 17
WB	-5.85	-0.56	e1f2	e1f2	4k2r/p1p1q3/1pnp3p/5pp1/2P5/3P1NP1/PP1BNn1P/R3K3 w Qk - 0 19
WB	-4.46	-2.29	f3h4	e2d4	4k2r/p1p1q3/1pnp3p/5p2/2P3p1/3P1NP1/PP1BNK1P/R7 w k - 0 20
BB	0.01	4.00	e6e5	d8d6	r1bq1rk1/pp3ppp/2p1pn2/2b5/2P5/P1N1P3/1P1BBPPP/R2QK2R b KQ - 1 10
BB	0.26	4.30	f8d8	c8d7	r1b2rk1/pp3ppp/2pqpn2/2b5/2P5/P1N1P3/1P1BBPPP/R2Q1RK1 b - - 3 11
BB	-0.07	6.29	d5d1	c6c5	5rk1/pp1b1ppp/2p1p3/3q4/4n3/P3PB2/5PPP/R2Q1RK1 b - - 1 18
BB	6.18	3.46	d5d1	d7c6	5rk1/pp1b1ppp/4p3/2pq4/4B3/P3P3/5PPP/R2Q1RK1 b - - 0 19
BB	9.48	0.69	e6d5	c6d5	5rk1/pp3ppp/2b1p3/2pB4/8/P3P3/5PPP/R2Q1RK1 b - - 0 20
WB	0.32	-2.65	a1c1	g2d5	r1br2k1/ppp2pbp/3p2p1/4n3/2P2B2/P1N3P1/1P2PPBP/R4RK1 w - - 2 14
WB	-1.93	-1.41	f4e5	f4g5	r1br2k1/pp3pbp/2pp2p1/3Bn3/2P2B2/P1N3P1/1P2PP1P/R4RK1 w - - 0 15
WB	-3.37	-1.02	f2f4	d5e4	r1b1r1k1/pp3pbp/2pp2p1/3Bn1B1/2P5/P1N3P1/1P2PP1P/R4RK1 w - - 2 16
WB	-4.40	-2.00	e4g2	a1b1	r1b1r1k1/pp3pbp/2pp2p1/6B1/2n1B3/P1N3P1/1P2PP1P/R4RK1 w - - 0 17
WB	-6.32	-0.57	e4c6	b2c3	r1b1r1k1/pp3p1p/2pp2p1/6B1/2n1B3/P1b3P1/1P2PP1P/1R3RK1 w - - 0 18
WB	-6.74	-0.62	f2f3	g5f4	r1b3k1/pp3p1p/2pp2p1/6B1/2n1r3/P1P3P1/4PP1P/1R3RK1 w - - 0 19
WB	0.80	-0.94	c4d5	d1d3	rnbqk2r/ppp1bppp/5n2/3p4/2PN4/2N3P1/PP2PP1P/R1BQKB1R w KQkq - 0 7
WB	0.00	-1.06	f1g2	d4b3	rnbq1rk1/ppp1bppp/5n2/8/2QN4/2N3P1/PP2PP1P/R1B1KB1R w KQ - 1 9
WB	-0.34	-0.58	c4a4	c4d3	r2q1rk1/ppp1bppp/2n1bn2/8/2Q5/1NN3P1/PP2PPBP/R1B1K2R w KQ - 5 11
WB	-0.63	-1.19	e1g1	d3d4	r2r2k1/ppp1bppp/2n1bn2/8/8/1NNP2P1/PP3PBP/R1B1K2R w KQ - 1 13
WB	-0.89	-1.97	g2c6	a2b3	r2r2k1/ppp1bppp/2n2n2/8/3P4/1bN3P1/PP3PBP/R1B1K2R w KQ - 0 14
WB	-2.74	-2.67	a1a4	g2b7	r2r2k1/ppp1bppp/5n2/8/3n4/1PN3P1/1P3PBP/R1B1K2R w KQ - 0 15
WB	-0.37	-5.05	b7c6	e3f4	1r1r2k1/RBp1bppp/8/8/6n1/1nN1B1P1/1P3P1P/4K2R w K - 2 18
WB	0.00	-3.41	f4d6	e1g1	1r1r2k1/RBp2ppp/3b4/8/5Bn1/1nN3P1/1P3P1P/4K2R w K - 4 19
BB	-0.24	8.13	h7h6	e7e4	r1b1k2r/p1ppqppp/2p2n2/6B1/1b2P3/2NB4/PPP2PPP/R2QK2R b KQkq - 3 8
BB	7.70	1.15	f7f5	d7d5	r1b1k2r/p1pp1ppp/2p5/6B1/1b2n3/2N5/PPP1QPPP/R3K2R b KQkq - 1 10
BB	6.71	3.49	b4c3	f7f5	r1b1k2r/p1p2ppp/2p5/3p2B1/1b2n3/2N5/PPP1QPPP/R4RK1 b kq - 1 11
BB	7.28	992.70	g7g6	e8d7	r1b1k2r/p1p3pp/2p5/3p2BQ/1b2p3/8/PPP2PPP/R4RK1 b kq - 1 13
BB	25.01	2.23	d6c5	d6c5	r1b4r/p1p2Qpp/2pk4/3p4/1b2pB2/8/PPP2PPP/R4RK1 b - - 5 15
BB	13.05	986.87	d5d4	c5b5	r1b4r/p1p2Qpp/2p5/2kp4/1b2p3/4B3/PPP2PPP/R4RK1 b - - 7 16
BB	10.69	989.28	b5a6	b5a5	r1b4r/p1p2Qpp/2p5/1k1p4/Pb2p3/4B3/1PP2PPP/R4RK1 b - - 0 17
BB	-0.35	1.16	d8b6	d8d6	r1bqkbnr/pp3ppp/2n5/1BppN3/8/2P5/PP1P1PPP/RNBQK2R b KQkq - 3 6
BB	-0.32	2.28	g7g6	g8h6	r1b1kbnr/pp3ppp/2nq4/1BppN2Q/8/2P5/PP1P1PPP/RNB1K2R b KQkq - 5 7
BB	0.82	0.93	g7g5	d6f6	r1b1kb1r/pp3ppp/2nq3n/1BppN2Q/8/2PP4/PP3PPP/RNB1K2R b KQkq - 0 8
BB	-0.13	4.72	e6e2	f8e7	r1b1kb1r/p4ppp/2p1q2n/2pp4/B7/2PP4/PP2QPPP/RNB1K2R b KQkq - 3 11
BB	4.75	2.91	e8d8	e6d7	r3k2r/p3bppp/2B1b2n/2pp4/8/2PP4/PP3PPP/RNB1K2R b KQkq - 0 13
BB	7.65	2.13	g6b6	d7c6	4k3/p2bbp1p/6rp/8/3pB3/3P2P1/PP1N1P1P/R3K2R b KQ - 2 19
WB	2.31	-0.98	d2d4	e2e3	rnb1kbnr/ppp1pppp/8/2q5/8/2N5/PP1PPPPP/R1BQKBNR w KQkq - 2 4
WB	4.32	-5.78	b5a4	a2a4	rnb1kbnr/p3pppp/2p5/1B3q2/3P4/2N1P3/PP3PPP/R1BQK1NR w KQkq - 1 7
WB	5.82	-3.89	c3d5	g1e2	rn2kbnr/p3pppp/8/1P6/3PP1b1/2N5/1P3PPP/R1B1K1NR w KQkq - 0 11
WB	3.93	-3.35	b5b6	h1f1	rn2kbnr/p3pppp/4b3/1P6/3PP3/2N5/1P2NPPP/R1B1K2R w KQkq - 2 12
WB	3.69	-2.67	e2f4	c1f4	rn2kbnr/p3p1pp/4b3/1P3p2/3PP3/2N5/1P2NPPP/R1B1KR2 w Qkq - 0 13
WB	2.50	-3.30	b5b6	c3e4	rn2kbnr/p3p1pp/4b3/1P6/3PpB2/2N5/1P2NPPP/R3KR2 w Qkq - 0 14
WB	-0.08	-1.85	b5b6	e4c3	rn2kb1r/p3p1pp/4bn2/1P6/3PNB2/8/1P2NPPP/R3KR2 w Qkq - 1 15
WB	2.32	-2.32	b5b6	f4e5	rn2kb1r/p3p1pp/4b3/1P5n/3P1B2/2N5/1P2NPPP/R3KR2 w Qkq - 3 16
WB	0.00	-1.20	e5c7	a1a6	r3kb1r/p2np1pp/4b3/1P2B2n/3P4/2N5/1P2NPPP/R3KR2 w Qkq - 5 17
WB	-0.77	-0.97	a6c6	e5c7	r3kb1r/p2np1pp/R7/1P2B2n/2bP4/2N5/1P2NPPP/4KR2 w kq - 7 18
WB	-0.83	-2.68	a6c6	c7d6	r3kb1r/p1Bn2pp/R3p3/1P5n/2bP4/2N5/1P2NPPP/4KR2 w kq - 0 19
WB	-3.48	-0.58	f2f3	d6c6	r3k2r/p5pp/1n1Rp3/1P5n/2bP4/2N5/1P2NPPP/4KR2 w kq - 1 21
BB	-1.47	2.24	e4f3	e7d6	r4rk1/p1p1q1pp/bpn1p3/3p4/3Pp3/P1P1PPP1/1BP3BP/R2QR1K1 b - - 2 14
BB	0.55	1.04	c6a5	a6c4	r4rk1/p1p3pp/bpnqp3/3p4/3PP3/P1P1P1P1/1BP3BP/R2QR1K1 b - - 0 15
BB	-0.68	0.69	f8f7	a8b8	r4rk1/p1pq2pp/1pn1p3/3pP3/2bP3P/P1P1P1P1/1BP3B1/R2QR1K1 b - - 0 17
BB	-0.63	0.63	c6e7	b6b5	1r3rk1/p1pq2pp/1pn1p3/3pP3/2bP3P/P1P1P1P1/1BPQ2B1/R3R1K1 b - - 2 18
BB	-1.42	1.50	f8f7	b5b4	1r3rk1/2pq2pp/2n1p3/pp1pP2P/2bP2P1/P1P1P3/1BPQ2B1/R3R1K1 b - - 0 20
BB	-1.39	0.74	c6e5	c8b7	r1b2rk1/p1p1qppp/1pn1pn2/3pN3/3P4/P1P1P1P1/1BP2PBP/R2QK2R b KQ - 1 10
BB	-0.62	4.58	d5c4	a7a5	r4rk1/p1p2ppp/1p1qpn2/3b4/3P4/P3PPP1/1BP3BP/R2QK2R b KQ - 0 14
BB	3.74	1.08	b6b5	d5c6	r4rk1/2p2ppp/1p1qpn2/p2b4/3PP3/P4PP1/1BP3BP/R2QK2R b KQ - 0 15
BB	4.63	1.15	d6e7	d6d5	r4rk1/2p2ppp/1pbqpn2/p3P3/3P4/P4PP1/1BP3BP/R2QK2R b KQ - 0 16
BB	5.25	2.15	h7h6	d5d6	r4r2/2p2pkp/1pb1pp2/p2q4/3P1Q2/P4PP1/1BP3BP/R3K2R b KQ - 3 19
WB	1.79	-1.51	g5f6	g5f4	r1bqkb1r/ppp2pp1/2n1pn1p/3p2B1/2PP4/2N1P3/PP3PPP/R2QKBNR w KQkq - 0 6
WB	0.50	-0.76	f4d6	g1f3	r1bqk2r/ppp2pp1/2nbpn1p/3p4/2PP1B2/2N1P3/PP3PPP/R2QKBNR w KQkq - 2 7
WB	3.62	-10.75	a2a4	a1d1	3rr1k1/Q2bqpp1/7p/4P3/5P2/2P5/P4PPP/R3KB1R w KQ - 1 17
WB	5.74	-5.50	a7e7	a7a4	3rr1k1/Q3qpp1/4b2p/4P3/5P2/2P5/P4PPP/3RKB1R w K - 3 18
WB	0.58	-2.46	a4d1	e1d1	4r1k1/4qpp1/4b2p/4P3/Q4P2/2P5/P4PPP/3rKB1R w K - 0 19
WB	-0.64	-4.86	a4b4	a4a3	3r2k1/2q2pp1/4b2p/4P3/Q4P2/2P5/P4PPP/4KB1R w - - 3 21
BB	0.11	1.74	d5c3	d8d6	r1bq1rk1/ppp2ppp/2n5/3np3/8/2NP1NP1/PP1QPPBP/R3K2R b KQ - 3 9
BB	1.66	0.73	d6e5	c8e6	r1b2rk1/ppp2ppp/2nq4/3nN3/8/2NP2P1/PP1QPPBP/R3K2R b KQ - 0 10
BB	2.38	1.51	c6d7	a7a5	r4rk1/ppp2ppp/2q1b3/3n4/8/2NP2P1/PP1QPPBP/R4RK1 b - - 1 12
BB	3.85	0.52	a8a6	b7b5	r4rk1/1pR2ppp/8/p2q4/8/3P2P1/PP1QPP1P/R5K1 b - - 0 16
BB	3.98	0.67	a5a4	f8e8	r4rk1/2R2ppp/8/pp1q4/8/1P1P2P1/P2QPP1P/R5K1 b - - 0 17
BB	4.71	0.53	a8d8	a4a3	r3r1k1/2R2ppp/8/1p1q4/pP6/3P2P1/P2QPP1P/2R3K1 b - - 0 19
BB	4.49	0.98	a8d8	h7h5	r3r1k1/2R2ppp/8/1p1q4/1P6/p2P2P1/P1RQPP1P/6K1 b - - 1 20
WB	0.57	-0.52	b1a3	b1c3	r1b1kb1r/pp3ppp/2n1pn2/q1P5/2p5/5NP1/PP2PPBP/RNBQ1RK1 w kq - 1 8
WB	0.00	-0.71	f3d2	d1c2	r1b2rk1/pp3ppp/2n1pn2/q1b5/2p2B2/2N2NP1/PP2PPBP/R2Q1RK1 w - - 2 10
WB	0.00	-2.08	c3e4	f3g5	r1br2k1/pp3ppp/2n1pn2/q1b5/2p2B2/2N2NP1/PPQ1PPBP/R4RK1 w - - 4 11
WB	-2.32	-1.94	c2b1	c2d2	r1br2k1/pp3ppp/4pn2/q1b3N1/2pn1B2/2N3P1/PPQ1PPBP/R4RK1 w - - 6 12
WB	-4.42	-0.67	f4e3	f4e5	r1br2k1/pp3ppp/5n2/q1b1p1N1/2pn1B2/2N3P1/PP1QPPBP/R4RK1 w - - 0 13
WB	-5.11	-4.02	a1d1	f4e5	r1br2k1/pp3ppp/5n2/q1b1n1N1/2p2Q2/2N3P1/PP2PPBP/R4RK1 w - - 0 15
WB	-8.78	-0.58	g5f3	g5e4	r1br2k1/pp3ppp/5n2/4q1N1/2p5/2N3P1/PP2PRBP/R5K1 w - - 0 17
WB	-9.06	-1.72	f2f3	a1d1	r1br2k1/pp3ppp/8/4q3/2p1N1n1/2N3P1/PP2PRBP/R5K1 w - - 2 18
BB	0.24	0.69	f6e4	b8a6	rn1qkb1r/pp3ppp/2p1pn2/3p1b2/3P1B2/4PN2/PPPNBPPP/R2QK2R b KQkq - 1 6
BB	0.42	1.16	a6b4	h7h5	r2qkb1r/pp3ppp/n1p1pn2/3p1b2/3P1B2/4PN2/PPPNBPPP/R2Q1RK1 b kq - 3 7
BB	1.41	1.64	d8b6	f6g4	r2qkb1r/p4pp1/p1p1pn2/3p1b1p/2PP1B2/4PN2/PP1N1PPP/R2Q1RK1 b kq - 0 9
BB	2.89	0.62	a8c8	d5c4	r2qkb1r/p4pp1/p1p1pn2/3pNb1p/2PP1B2/4P2P/PP1N1PP1/R2Q1RK1 b kq - 2 11
BB	3.41	2.15	f6d5	a8c8	r2qkb1r/p4pp1/p1p1pn2/4Nb1p/2NP1B2/4P2P/PP3PP1/R2Q1RK1 b kq - 0 12
BB	5.34	4.14	f5e4	c8b8	2rqkb1r/p4pp1/p1p1pn2/4Nb1p/Q1NP1B2/4P2P/PP3PP1/R4RK1 b k - 2 13
BB	9.21	4.91	d8d5	f5c2	1r1qkb1r/p4pp1/p1N1pn2/5b1p/Q1NP1B2/4P2P/PP3PP1/R4RK1 b k - 0 14
BB	14.25	3.85	f6d7	b8b2	1r1qkb1r/p4pp1/p1N1pn2/7p/2NP1B2/4P2P/PPQ2PP1/R4RK1 b k - 0 15
BB	18.63	981.35	d8c8	d8d7	3qkb1r/p4pp1/p1N1pn2/7p/2NP1B2/4P2P/PQ3PP1/R4RK1 b k - 0 16
WB	-0.15	-0.53	a2a3	a2a4	r2q1rk1/pp2bpp1/2n1bn1p/3p4/2pP1B2/2N2NP1/PPQ1PPBP/R4RK1 w - - 2 12
WB	-0.20	-0.61	b2b3	a4a5	r1q2rk1/pp2bpp1/2n1bn1p/3p4/P1pP1B2/2N2NP1/1PQ1PPBP/R4RK1 w - - 1 13
WB	-0.76	-2.87	a5a6	b2b3	r1q2rk1/pp3pp1/2n1bn1p/P2p4/1bpP1B2/2N2NP1/1PQ1PPBP/R4RK1 w - - 1 14
WB	-0.47	-1.10	f4d2	f4e5	r1q2rk1/pp3p2/2n1bn1p/P2p2p1/1bpP1B2/1PN2NP1/2Q1PPBP/R4RK1 w - - 0 15
WB	-1.99	-0.86	c2b2	e2e4	r1q2rk1/pp3p2/2n2n1p/P2pBbp1/1bpP4/1PN2NP1/2Q1PPBP/R4RK1 w - - 2 16
WB	-2.74	-5.27	f3g5	e5f6	r1q2rk1/pp3p2/2n2n1p/P3Bbp1/1bpPp3/1PN2NP1/2Q2PBP/R4RK1 w - - 0 17
WB	-7.86	-0.54	c2c1	c3e4	r1q2rk1/pp3p2/2n2B1p/P4bp1/1bpP4/1PN2pP1/2Q2PBP/R4RK1 w - - 0 18
WB	-7.79	-6.71	f2f3	c2c4	r4rk1/pp3p2/2n1qB1p/P4bp1/1bpPN3/1P4P1/2Q2PKP/R4R2 w - - 1 20
WB	-14.71	-0.95	f2f3	g2g1	r4rk1/pp3p2/2n1qB1p/P5p1/1bQPb3/1P4P1/5PKP/R4R2 w - - 0 21
BB	0.04	5.17	f5b1	d8a5	rn1qkb1r/pp2pppp/2p2n2/3p1b2/2PP3N/4P3/PP3PPP/RNBQKB1R b KQkq - 2 5
BB	4.95	0.76	e7e6	b8d7	rn2kb1r/ppq1pppp/2p2n2/3p1N2/2PP4/4P3/PP1B1PPP/RN1QKB1R b KQkq - 0 7
BB	4.43	1.13	c7c1	e8c8	r3kb1r/ppqnpppp/5n2/3p1N2/3P4/4P3/PP1B1PPP/RNQ1KB1R b KQkq - 1 9
BB	5.05	0.70	b7b6	d7b6	3r1b1r/ppknpppp/5n2/B2p1N2/3P4/4P3/PP3PPP/RN2KB1R b KQ - 1 11
WB	1.18	-0.98	c3e4	c1f4	r1bqkb1r/pp1npppp/2p5/3p4/3Pn3/2N2NP1/PPP1PPBP/R1BQK2R w KQkq - 3 6
WB	1.29	-0.67	f4c1	f4d2	r1bqkb1r/pp1np2p/2p2p2/3p2p1/3P1B2/2P2NP1/P1P1PPBP/R2Q1RK1 w kq - 0 9
WB	1.23	-1.50	f3d2	d1d3	r1bqkb1r/pp2p2p/2pn1p2/3p2p1/P2P4/2P2NP1/2P1PPBP/R1BQ1RK1 w kq - 3 12
WB	0.75	-1.02	f3d2	c1d2	r1q1kb1r/p6p/1pp1pp2/3p1bp1/P2P4/1RP2NP1/2P1PPBP/2Q2RK1 w kq - 0 18
WB	0.31	-0.64	c3c4	a1f1	r1q1kb1r/p6p/1pp1pp2/3p1bp1/P2P4/1RP2NP1/2PQPPBP/R5K1 w kq - 4 20
BB	0.00	0.62	g7g6	d8b6	r1bqkb1r/pp2pppp/n1p2n2/3pN3/3P4/2N3P1/PPP1PP1P/R1BQKB1R b KQkq - 2 5
BB	0.17	0.58	c8f5	c8g4	r1b1kb1r/pp2ppp1/nqp2n2/3pN2p/3P4/2N1P1P1/PPP2PBP/R1BQK2R b KQkq - 1 7
BB	0.13	0.62	e7e6	a8d8	r3kb1r/pp2ppp1/nqp2n2/3p4/3P2p1/2N1P1P1/PPP2P1P/R1BQKB1R b KQkq - 1 9
BB	0.37	1.06	a6b4	h8h6	3rkb1r/pp3pp1/nqp1p3/3p4/3P2Q1/2N1P1P1/PPP2P1P/R1B1K2R b KQk - 0 12
BB	-0.08	1.89	h6g6	h6f6	3rkb2/pp3pp1/nqp1p2r/3p4/3PP1Q1/2N3P1/PPP2P1P/R1B1K2R b KQ - 0 13
BB	-5.72	2.13	a6c5	d5e4	3rkb2/pp3p2/n1p1pp2/3p3P/3qP1Q1/6P1/P1P2P2/R4RK1 b - - 0 18
BB	-8.64	1.93	e8e7	h6f8	3rk1Q1/pp3p2/n1p1pp1b/8/3qp3/6P1/P1P2P2/R4RK1 b - - 1 20
BB	-0.54	2.79	d8d1	c8e6	rnbqkbnr/ppp2ppp/8/4P3/2p1P3/8/PP3PPP/RNBQKBNR b KQkq - 0 4
BB	0.57	0.95	c4c3	d7e5	r2k2nr/pppn1ppp/4b3/b3P3/2pNP3/P7/1P1N1PPP/R1B1KB1R b KQ - 4 9
BB	-0.11	0.92	b7b5	a5b6	r2k2nr/ppp3pp/4p3/b3n3/2p1P3/P7/1P1N1PPP/R1BK1B1R b - - 1 11
BB	0.50	0.56	h8b8	h7h5	r6r/ppp1k1pp/3bpn2/8/1PB1P3/P4P2/6PP/1RBK3R b - - 0 17
BB	0.45	2.71	a8a5	a8b8	r6r/1pp1k1p1/3bpn2/P6p/2B1P3/P4PP1/7P/1RBK3R b - - 0 19
BB	-0.40	0.54	a5c7	f6e4	r4rk1/pp3ppp/n1pbpn2/q2pN3/3P1B2/2PQP3/PP3PPP/R3K1NR b KQ - 0 11
BB	-2.25	2.71	f7f6	f7f5	r4rk1/pp3ppp/n1pbp3/q2pN3/3PnB2/2PQPN2/PP3PPP/R3K2R b KQ - 2 12
BB	0.78	1.38	c6c5	g8h8	r4rk1/pp4pp/n1pbp3/1q1pNp2/3PnB2/2P1PN2/PPQ2PPP/R4RK1 b - - 3 14
BB	-0.28	7.86	e4g5	a6c7	r4r1k/pp4pp/n1pbp3/1q1pNpN1/3PnB2/2P1P3/PPQ2PPP/R4RK1 b - - 5 15
BB	3.24	1.27	f8f7	e6e5	r4rk1/ppnN2pp/2pnp3/1q1p1p2/3P1B2/2P1P3/PPQ2PPP/R4RK1 b - - 1 18
BB	4.05	1.61	b5a5	b5b6	r4Nk1/ppn3pp/2pn4/1q1p1p2/P2P1p2/2P1P3/1PQ2PPP/R4RK1 b - - 0 20
BB	-0.98	1.53	c6c5	g8e7	2kr1bnr/1pp2p2/p1p1bq1p/4p1p1/4P3/2NPBN1P/PPP1QPP1/R2R2K1 b - - 1 11
BB	0.10	3.28	d8d1	g6e5	2kr1b1r/1pp2p2/p1p1bqnp/4P1p1/4P3/2N1BN1P/PPP1QPP1/R2R2K1 b - - 0 13
BB	4.13	2.54	f8d6	d8e8	3k1b1r/1pp2p2/p1p1b2p/4q1p1/4P3/2N1B2P/PPP1QPP1/3R2K1 b - - 1 16
BB	0.66	999.33	f8d6	a6a5	4kb1r/1pp2p2/p1p1b2p/4q1p1/4P3/2N1B2P/PPPQ1PP1/3R2K1 b - - 3 17
WB	0.29	-1.00	a1d1	b2a3	r2q1rk1/1b1nbppp/1pp1pn2/p2p4/P1P5/1PN2NP1/1BQPPPBP/R4RK1 w - - 0 11
WB	0.15	-1.05	f1b1	c3e4	1r1r2k1/3q1ppp/1p2pnn1/pRp5/P1P2P2/2N1N1P1/2QPP2P/5RK1 w - - 1 21
WB	1.48	-0.57	c3a4	d1d3	rnb2rk1/1p2bppp/p1pqpn2/4N3/3P4/2N3P1/PPP2PBP/R1BQ1RK1 w - - 2 10
WB	1.41	-1.53	c3e4	g2e4	r1b2rk1/1p1nbppp/p1pqp3/4N2n/3P1B2/2NQ2P1/PPP2PBP/R4RK1 w - - 6 12
WB	3.28	-3.62	e4h7	g3f4	r1b2rk1/1p1nbppp/p1pqp3/4N3/3PBn2/2NQ2P1/PPP2P1P/R4RK1 w - - 0 13
WB	0.56	-1.23	f4e5	d4e5	r1b2rk1/1p2bp1p/p1pqp1p1/4n3/3P1P2/2NQ4/PPP2PBP/R4RK1 w - - 0 15
WB	-0.23	-1.50	d3d4	a2a4	1rb2rk1/1p2bp1p/p1p1p1p1/4P3/5P2/2NP4/PP3PBP/R4RK1 w - - 1 17
WB	-1.00	-0.53	c3e4	g1h2	1rr3k1/1p2bp1p/p1b1p1p1/P1p1P3/5P2/2NP3P/1P3PB1/R3R1K1 w - - 1 21
BB	-0.37	0.89	c6a5	h7h5	2r1kb1r/pp1q1ppp/2n1p3/3pP1B1/3P4/2P2N2/P4PPP/1R1QR1K1 b k - 4 14
BB	0.06	3.98	c6a5	h8h6	2r1kb1r/pp1q1pp1/2n1p3/3pP1Bp/3P4/2P2N2/P2Q1PPP/1R2R1K1 b k - 1 15
BB	3.25	1.57	c6a5	a7a5	2r1kb2/pp1q1p2/2n1p2p/3pP2p/3P4/2P2N2/PR1Q1PPP/4R1K1 b - - 1 17
BB	4.64	1.15	c8c7	c8b8	2r1kb2/1p1q1p2/2n1p2p/p2pP2p/3P4/2P2N2/PR1Q1PPP/1R4K1 b - - 1 18
WB	1.23	-0.60	b5c4	b5f1	rn1qkb1r/1p1bpp1p/p2p1np1/1BpP4/P3P3/2N5/1PP2PPP/R1BQK1NR w KQkq - 0 7
WB	0.99	-0.90	f3d2	c1e3	rn1q1rk1/1p1bppbp/p2p1np1/2pP4/P3P3/2N2N2/1PP2PPP/R1BQKB1R w KQ - 4 9
WB	0.29	-0.98	f1e2	h2h4	rn1q1rk1/1p2ppbp/p2p1np1/2pP4/P3P1b1/2N1BN2/1PP2PPP/R2QKB1R w KQ - 6 10
WB	-0.38	-6.25	a5b6	a1a3	r2q1rk1/3nppbp/p2p1np1/PppP4/4P1bP/2N1BN2/1PP2PP1/R2QKB1R w KQ b6 0 12
WB	-6.32	-1.55	a3a4	a3b3	r2q1rk1/3nppbp/p2p1np1/P1pP4/1p2P1bP/R1N1BN2/1PP2PP1/3QKB1R w K - 0 13
WB	-8.50	-3.63	f3d2	f1a6	1r1q1rk1/3nppbp/p2p2p1/P1pP4/4n1bP/1RP1BN2/2P2PP1/Q3KB1R w K - 2 16
WB	-11.83	-2.72	e1g1	f3d2	3q1rk1/3nppbp/B2p2p1/P1pP4/4n1bP/1rP1BN2/2P2PP1/Q3K2R w K - 0 17
WB	-12.87	-4.39	a1a4	d2e4	3q1rk1/3nppbp/B2p2p1/P1pP4/4n1bP/2r1B3/2PN1PP1/Q3K2R w K - 0 18
WB	-17.33	-2.35	f2e3	e1d2	3q1rk1/3nppbp/B2p2p1/P1pP4/4N1bP/4r3/2P2PP1/Q3K2R w K - 0 19
WB	-19.87	-980.07	h1a1	f2e3	3q1rk1/3npp1p/B2p2p1/P1pP4/4N1bP/4r3/2PK1PP1/b6R w - - 0 20
BB	0.82	3.23	g7g6	a7a5	rnb2rk1/ppq1bppp/2p2n2/3p2B1/3P4/2NBP2P/PPQ2PP1/R3K1NR b KQ - 2 9
BB	4.14	4.49	e7f6	h7h5	rnb2rk1/1pq1bppp/2p2B2/p2p4/3P4/2NBP2P/PPQ2PP1/R3K1NR b KQ - 0 10
BB	8.23	0.61	d6e7	g8h8	rnb2rk1/1p2Npp1/2pq1B2/p6p/1b1P4/3BP2P/PPQ2PP1/R4KNR b - - 4 13
BB	8.40	14.25	a5a4	c8e6	rnb2r1k/1p2Npp1/2pq4/p5Bp/1b1P4/3BP2P/PPQ2PP1/R4KNR b - - 6 14
BB	24.98	975.00	e6g4	g7g6	rn3r1k/1p2Npp1/2pqb3/p5Bp/1b1P4/3BP2P/PP2QPP1/R4KNR b - - 8 15
BB	-0.73	1.71	d8d1	h7h5	r2qkb1r/pp3ppp/2n1bn2/2p5/2P5/1BN2N2/PP3PPP/R1BQK2R b KQkq - 0 9
BB	-0.41	0.55	g4e5	g4f6	3r1rk1/pp2npp1/8/2p2bNp/2P3nP/1BN2P2/PP4P1/R4RK1 b - - 0 16
BB	-0.31	0.52	d8d2	f8e8	3r1rk1/pp3pp1/2n2n2/1Np2bNp/2P4P/1B3P2/PP3KP1/R4R2 b - - 4 18
BB	-22.46	22.44	d8d2	f5d3	3rr1k1/pp3pp1/2n2n2/1Np2bNp/2P4P/1B3PP1/PP3K2/R4R2 b - - 0 19
WB	0.02	-0.51	c4d5	d2d4	r1bqkb1r/ppp2ppp/2n2n2/3pp3/2P5/P1N2N2/1P1PPPPP/R1BQKB1R w KQkq - 0 5
WB	-0.48	-5.44	f1g2	d1c3	r3k2r/p1p1bppp/2p5/3b4/2p1n3/P3B1P1/1P2PP1P/2RNKB1R w Kkq - 1 13
WB	-5.85	-1.08	c1c3	h1g1	r3k2r/p1p1bppp/2p5/3b4/2p5/P1n1B1P1/1P2PP1P/2R1KB1R w Kkq - 0 14
WB	-6.78	-993.21	g3g4	e1f1	2kr3r/p1p2ppp/2p5/1n6/8/b1P1B1P1/2R1PPRP/4K3 w - - 2 19
BB	0.00	0.66	e7e5	g8g6	r1b1kbr1/ppp1pp1p/2nq1p2/3p4/3P4/2P1P3/PPQN1PPP/R3KBNR b KQq - 4 7
BB	0.00	0.66	e7e5	a5a4	r1b1kb2/1pp1pp1p/2nq1pr1/p2p4/3P3P/2P1PN2/PPQN1PP1/R3KB1R b KQq - 0 9
BB	-0.04	2.10	g6g7	c8e6	r1b1k3/1pp1pp1p/2nq1prb/3p4/p2P3P/2PBPNP1/PPQN1P2/R3K2R b KQq - 2 11
BB	1.83	1.56	g6g5	e8d7	r3k3/1pp1pp2/2nq1ppb/3p1b1P/p2P4/2P1PNP1/PP1N1P2/R2QK2R b KQq - 2 14
BB	3.50	2.16	h6e3	h6g5	r7/1ppkpp2/2nq1pPb/3p1b2/p2P4/2P1PNP1/PP1N1P2/R2QK2R b KQ - 0 15
BB	4.40	1.61	g5e3	a8f8	r7/1ppkpP2/2nq1p2/3p1bb1/p2P4/2P1PNP1/PP1N1P2/R2QK2R b KQ - 0 16
BB	3.98	0.67	d6f6	d6f6	5r2/1ppkpP2/2nq4/3p1bpQ/p2P4/2P1P1P1/PP1N1P2/R3K2R b KQ - 1 18
BB	3.93	1.13	f6e6	f6f7	5r2/1ppkpP2/2n2q2/3p1bp1/p2P4/2P1PQP1/PP1N1P2/R3K2R b KQ - 3 19
BB	2.24	1.95	d5e4	f5e4	5r2/1ppkpq2/2n5/3p1bp1/p2PP3/2P2QP1/PP1N1P2/R3K2R b KQ - 0 20
WB	1.36	-0.86	e4f5	d1f3	r1bq1rk1/ppp1p1bp/6p1/3Ppp2/2P1P1n1/2N3P1/PP3PBP/R1BQ1RK1 w - - 1 11
WB	4.20	-0.68	e5e2	e5e6	r1bq1rk1/pppnp1bp/6p1/3PQ3/2P5/2N3P1/PP3PBP/R1B2RK1 w - - 1 14
WB	4.11	-9.82	e6e2	c1e3	r1bq1r1k/pppnp1bp/4Q1p1/3P4/2P5/2N3P1/PP3PBP/R1B2RK1 w - - 3 15
WB	4.03	-9.82	e5e4	e5e6	r1bq1r1k/pppnp1bp/6p1/3PQ3/2P5/2N1B1P1/PP3PBP/R4RK1 w - - 7 17
WB	-0.05	-3.84	f1a1	a5a3	r2q1rk1/pb1nbppp/4pn2/R1p3B1/3P4/2NB1N2/1PP1QPPP/5RK1 w - - 0 13
WB	-3.66	-2.02	c3b1	a3b3	r2q1rk1/pb1nbppp/4pn2/6B1/3p4/R1NB1N2/1PP1QPPP/5RK1 w - - 0 14
WB	-5.13	-0.66	e2f3	e2f3	r2q1rk1/p2nbppp/4pn2/6B1/3p4/1RNB1b2/1PP1QPPP/5RK1 w - - 0 15
WB	-5.11	-1.31	d3d8	d3b5	r2q1rk1/4bppp/4pn2/p5B1/8/2RQ4/1PP2PPP/5RK1 w - - 0 19
WB	-5.91	-0.61	b5a6	b5e5	1r1q1rk1/4bppp/4pn2/pQ4B1/8/2R5/1PP2PPP/5RK1 w - - 2 20
WB	-6.23	-4.59	e5e3	e5d4	1r1q1rk1/5ppp/3bpn2/p3Q1B1/8/2R5/1PP2PPP/5RK1 w - - 4 21
WB	0.41	-0.88	d1c2	c4c5	r1bq1rk1/1pp1bppp/p1n1pn2/3p4/2PP4/P1N1PN2/1P1B1PPP/R2QKB1R w KQ - 3 8
WB	-0.26	-1.41	c5b6	f3e5	r1bq1rk1/2p1bppp/ppn1pn2/2Pp4/3P4/P1N1PN2/1P1B1PPP/R2QKB1R w KQ - 0 9
WB	-1.50	-1.13	f2f4	d1h5	r1bq1rk1/3nbppp/pp2p3/3pP3/8/P1N1P3/1P1B1PPP/R2QKB1R w KQ - 0 12
WB	-2.80	-1.75	f1e2	e3e4	r1bq1rk1/4bp1p/pp2p1p1/3pn3/8/P1N1P3/1P1B1PPP/R2QKB1R w KQ - 0 14
WB	-4.61	-1.78	d2f4	c3a4	r1bq1rk1/4bp1p/pp2p1p1/4n3/3pP3/P1N5/1P1B1PPP/R2QKB1R w KQ - 0 15
WB	-6.50	-0.82	b2b4	a1c1	r1bq1rk1/3nbp1p/p3p1p1/1p6/N2pPP2/P7/1P1B2PP/R2QKB1R w KQ - 1 17
WB	-7.33	-1.22	c1c5	a4c6	r1bq1rk1/4bp1p/p3p1p1/2n5/Q2pPP2/P7/1P1B2PP/2R1KB1R w K - 1 19
WB	-8.36	-0.51	c6c5	c6c5	r2q1rk1/1b2bp1p/p1Q1p1p1/2n5/3pPP2/P7/1P1B2PP/2R1KB1R w K - 3 20
BB	-4.63	0.92	a5b4	c8e6	r1bqkb1r/1p3ppp/2n5/p1P5/1P1pP1n1/P7/NBPNP1PP/R2QKB1R b KQkq - 0 11
BB	-5.26	4.15	g4e3	e6a2	r2qkb1r/1p3ppp/2n1b3/2P5/1P1pP1n1/8/NBPNP1PP/RQ2KB1R b KQkq - 0 13
BB	-1.01	2.68	a8a2	c6b4	r2qkb1r/1p3ppp/2n5/2P5/1P1pP1n1/8/RBPNP1PP/1Q2KB1R b Kkq - 0 14
BB	2.00	1.11	a8a4	b4c6	q3kb1r/1p3ppp/8/2P5/1n1BP1n1/8/2PNP1PP/1Q2KB1R b Kk - 0 16
BB	3.07	3.20	f8e7	c6d4	q3kb1r/1p3ppp/2n5/2P5/3BP1n1/4P3/2PN2PP/1Q2KB1R b Kk - 0 17
BB	5.86	1.86	f8e7	h7h5	q3kb1r/1p3ppp/8/2P5/3PP1n1/8/2PN2PP/1Q2KB1R b Kk - 0 18
BB	0.44	1.37	c7c5	b8c6	rnb2rk1/1ppnqppp/p3p3/3pP3/3P1PQ1/2N2N2/PPP3PP/R3KB1R b KQ - 3 9
BB	2.25	0.70	f7f5	h7h6	r4rk1/1ppbqppp/pnn1p3/3pP3/3P1P2/2NB1N1Q/PPP3PP/2KR3R b - - 9 12
BB	2.89	3.53	c6b4	e7b4	r4rk1/1ppbqpp1/pnn1p2p/3pP3/3P1PP1/2NB1N1Q/PPP4P/2KR3R b - - 0 13
BB	6.34	1.98	g8h8	b6c4	r4rk1/1ppbqpp1/pnn1p2p/3pP3/3P1PP1/P1NB1N1Q/1PP4P/2KR2R1 b - - 2 15
BB	8.49	2.87	c6d4	g8h8	r4rk1/1ppbqpp1/p1n1p2p/3pPP2/2nP2P1/P1NB1N1Q/1PP4P/2KR2R1 b - - 0 16
BB	12.14	987.84	e7e8	g7f6	r4r1k/1ppbqpp1/p1n1pP1p/3pP3/2nP2P1/P1NB1N1Q/1PP4P/2KR2R1 b - - 0 17
WB	2.56	-3.61	a2a3	a2a4	r1bq1rk1/ppp2ppp/2n5/b1Pp4/3Pn3/3B1N2/PP3PPP/RNBQ1RK1 w - - 1 10
WB	-0.94	-2.67	g5e3	g5d2	r2q1rk1/ppp3pp/5p2/b1Pp1bB1/Pn1Pn3/R2B1N2/1P3PPP/1N1Q1RK1 w - - 0 13
WB	-3.33	-0.71	a3d3	d2a5	r2q1rk1/ppp3pp/5p2/b1Pp1b2/P2Pn3/R2n1N2/1P1B1PPP/1N1Q1RK1 w - - 0 14
WB	-4.50	-1.85	f3h4	a5d2	r2q1rk1/ppp3pp/5p2/B1Pp1b2/P1nPn3/R4N2/2Q2PPP/1N3RK1 w - - 2 16
WB	-5.44	-2.15	a3b3	g1f1	r2q1rk1/ppp3pp/5p2/2Pp1Q2/P1nP4/R4N2/5PPP/1N3nK1 w - - 0 18
WB	-7.78	-0.52	g2g3	f5d3	r2q1rk1/pp4pp/2p2p2/2Pp1Q2/P2P4/N4N2/5PPP/5K2 w - - 0 20
WB	-7.87	-0.72	g2g3	d3b3	r4rk1/pp4pp/2p2p2/q1Pp4/P2P4/N2Q1N2/5PPP/5K2 w - - 2 21
BB	-0.90	1.14	e7e6	b8a6	rnbqkb1r/p3pppp/2p2n2/1p6/2pP1B2/2N1PN2/PP3PPP/R2QKB1R b KQkq - 1 6
BB	0.00	2.06	a6c7	h7h5	r1bqkb1r/p4ppp/n1p1pn2/1p6/2pP1B2/2N1PN2/PP2BPPP/R2Q1RK1 b kq - 1 8
BB	0.59	1.02	a6c7	a8b8	r1bqkb1r/p4pp1/n1p1pn2/1p4Bp/2pP4/2N1PN2/PP2BPPP/R2Q1RK1 b kq - 1 9
BB	-0.81	1.16	d6f4	e8g8	1rb1k2r/p1q2pp1/n1pbpn2/1p5p/2pP1B2/2N1PN1P/PP1QBPP1/R4RK1 b k - 4 12
BB	-4.00	1.71	b5b4	f5e4	1r3rk1/p1q2pp1/2pb1n2/1p1pNb1p/P1pP1B2/2Q1P2P/1P2BPP1/R4RK1 b - - 0 17
BB	-2.26	0.82	b8b5	c6b5	1r3rk1/p1q2pp1/2pb1n2/1P1pN2p/2pPbB2/2Q1P2P/1P2BPP1/R4RK1 b - - 0 18
BB	-1.35	2.11	b5b4	d6e5	1r3rk1/p4pp1/3b1n2/Rp1pN2p/2pPbB2/4P2P/1P2BPP1/5RK1 b - - 0 20
BB	-1.55	1.05	c5e7	d8a5	r1bq1rk1/p4ppp/2p1pn2/2bp4/N4B2/4P3/PPP2PPP/R2QKB1R b KQ - 3 9
BB	-2.85	2.24	c5a3	c8a6	r1b2rk1/p4ppp/2p1pn2/q1bp4/5B2/2N1P3/PPP2PPP/R2QKB1R b KQ - 5 10
BB	-5.88	5.09	c5b4	f6e4	r4rk1/p4ppp/q1p1pn2/2bp4/5B2/1PN1P3/P1P2PPP/R2QK2R b KQ - 0 12
BB	-8.25	8.66	c5b4	c5b6	r4rk1/p4ppp/2p1p3/q1b5/4pB2/1P2P3/P1PQ1PPP/R3K2R b KQ - 3 15
BB	-2.17	2.54	f8d8	a5b6	r4rk1/p4ppp/2p1p3/b7/4pB2/1P2P3/P1P2PPP/R2K3R b - - 1 17
BB	-2.13	0.90	f8e7	c8e6	rnb1kb1r/pp3ppp/2p2q2/8/4Q3/2N5/PP3PPP/3RKBNR b Kkq - 0 10
BB	-1.89	0.65	d7c5	e8c8	r3kb1r/pp1n1ppp/2p1bq2/8/2B1Q3/2N2N2/PP3PPP/3RK2R b Kkq - 4 12
BB	-1.25	6.28	d8e8	d7c5	2kr1b1r/pp1n2pp/2p1p3/6N1/8/2N5/PP3PPP/3RK2R b K - 1 15
BB	3.92	1.45	f8g7	b7b6	4kb1N/pp5p/2p1p1p1/2n5/8/2N5/PP3PPP/5RK1 b - - 1 19
BB	4.36	1.57	f8g7	a7a5	4kb1N/p6p/1pp1p1p1/2n5/8/2N5/PP3PPP/4R1K1 b - - 1 20
WB	1.77	-0.96	h5h6	h5e5	r2qk2r/pbp1bp1p/2p3p1/3p3Q/3P4/3B4/PPPB1PPP/R4RK1 w kq - 0 11
WB	0.91	-0.56	d2h6	a2a4	r2q1rk1/pbp1bp1p/2p3p1/3pQ3/3P4/3B4/PPPB1PPP/R4RK1 w - - 2 12
WB	0.00	-2.03	a4a5	g1f1	r5k1/pb3p1p/6p1/3p2B1/Pp1b3P/3B4/2P2PP1/4R1K1 w - - 0 21
BB	0.00	1.81	a7a6	d7d5	r1bqkb1r/pp1p1ppp/2n1pn2/8/3P1B2/2N2N2/PPP2PPP/R2QKB1R b KQkq - 0 6
BB	0.00	1.39	f8e7	h7h5	r2qkb1r/pp1b1ppp/2n1pn2/3p4/3P1B2/2N2N2/PPP1BPPP/R2Q1RK1 b kq - 3 8
BB	0.25	1.98	f8e7	f6e4	r2qkb1r/pp1b1pp1/2n1pn2/3p3p/3P1B1P/2N2N2/PPP1BPP1/R2Q1RK1 b kq - 0 9
BB	2.02	4.30	d8f6	e4e3	r2qkb1r/pp1b1pp1/2n1p3/6Np/3PpB1P/8/PPP1BPP1/R2Q1RK1 b kq - 1 11
BB	3.96	2.04	c6e7	g7g6	r2qkb1r/pp1b1pp1/2n1p3/6Np/3P3P/4B3/PPP1BPP1/R2Q1RK1 b kq - 0 12
BB	4.04	2.50	f8g7	e6e5	r2qkb1r/pp1b1p2/2n1p1p1/6Np/2PP3P/4B3/PP2BPP1/R2Q1RK1 b kq - 0 13
BB	5.12	0.52	f8e7	c6e5	r2qkb1r/pp1b1p2/2n3p1/4P1Np/2P4P/4B3/PP2BPP1/R2Q1RK1 b kq - 0 14
BB	4.39	3.01	d8e7	d8c7	r2qkb1r/pp1b1p2/6p1/3Qn1Np/2P4P/4B3/PP2BPP1/R4RK1 b kq - 1 15
BB	7.61	8.17	c7e5	f6e5	r3kb1r/ppqb4/5pp1/3QB1Np/2P4P/8/PP2BPP1/R4RK1 b kq - 0 17
BB	16.58	4.95	f8d6	c7c6	r2k1b1r/ppqb1Q2/6p1/4p1Np/2P4P/8/PP2BPP1/R2R2K1 b - - 3 19
WB	2.08	-2.38	g2g3	c3c4	r5k1/1pp2pp1/p1nq1n1p/3p1Q2/P2P1P2/2P2N2/1P1N1PPP/4R1K1 w - - 1 16
WB	1.04	-6.36	c4c5	f5e5	r5k1/1pp2p2/p1nq1npp/3p1Q2/P1PP1P2/5N2/1P1N1PPP/4R1K1 w - - 0 17
WB	-3.90	-0.68	e1e7	c4d5	r4k2/1pp2p2/p4Ppp/3p4/PqP2P2/5N2/1P1N1PPP/4R1K1 w - - 1 20
WB	1.97	-2.55	d4d5	c1g5	r2qkbnr/pp2pppp/2np4/2p5/2PP2b1/2N2N2/PP2PPPP/R1BQKB1R w KQkq - 1 5
WB	2.29	-1.08	g5e7	d4g4	r2qkbnr/pp2ppp1/3p3p/6B1/2PQ2b1/2N5/PP2PPPP/R3KB1R w KQkq - 0 8
WB	1.34	-0.86	e2e3	e2e4	r2qkb1r/pp3pp1/3ppn2/6Q1/2P5/2N5/PP2PPPP/3RKB1R w Kkq - 0 11
WB	4.58	-3.91	c4d5	g5e3	r2qkb1r/pp3pp1/4pn2/3p2Q1/2P1P3/2N5/PP3PPP/3RKB1R w Kkq - 0 12
WB	5.94	-8.69	e4d5	d1d5	r2qk2r/pp3pp1/4p3/3n4/1b2P3/2N1Q3/PP3PPP/3RKB1R w Kkq - 0 14
WB	-1.56	-0.94	e3c3	b2c3	r2qk2r/pp3pp1/4p3/3R4/4P3/2b1Q3/PP3PPP/4KB1R w Kkq - 0 15
WB	-2.77	-2.54	f1c4	e3e4	r2q1k1r/pp3pp1/8/3P4/8/2P1Q3/P4PPP/4KB1R w K - 1 17
WB	-1.94	-2.30	e4d4	g2g4	r2q1k1r/pp3p2/6p1/3P4/4Q3/2P5/P4PPP/4KB1R w K - 0 18
WB	-1.27	-8.68	e4d4	a2a4	r2q3r/pp3pk1/6p1/3P4/4Q1P1/2P5/P4P1P/4KB1R w K - 1 19
WB	-10.78	-1.50	e4e8	e4e3	r2qr3/pp3pk1/6p1/3P4/P3Q1P1/2P5/5P1P/4KB1R w K - 1 20
WB	-12.86	-987.06	h1g1	h2h4	r3r3/pp3pk1/6p1/3q4/P5P1/2P1Q3/5P1P/4KB1R w K - 0 21
WB	0.90	-0.69	d4d5	c1f4	r1bqk2r/pp1nppbp/3p1np1/2p5/2PP4/2N2NP1/PP2PPBP/R1BQK2R w KQkq - 0 7
WB	5.57	-8.07	e5c6	e1g1	1rbqk2r/p2nppbp/1p1p1np1/2p1N3/2PP1B2/2N3P1/PP2PPBP/R2QK2R w KQk - 2 9
WB	-2.55	-2.46	d1a4	d1d5	1rbqk2r/p2nppbp/1p4p1/2p1P2n/2P2B2/2N3P1/PP2PPBP/R2Q1RK1 w k - 1 11
WB	-3.07	-0.72	d5d6	d5d3	1rbqk2r/p2n1pbp/1p2p1p1/2pQP3/2P2P2/2N5/PP2PPBP/R4RK1 w k - 0 13
WB	-2.54	-2.04	a1d1	a2a4	1r1qk2r/pb1n1pbp/1p2p1p1/2p1P3/2P2P2/2NQ4/PP2PPBP/R4RK1 w k - 2 14
WB	-3.39	-1.35	a1d1	c3b5	1r1q1rk1/pb1n1pbp/1p2p1p1/2p1P3/P1P2P2/2NQ4/1P2PPBP/R4RK1 w - - 1 15
WB	-4.05	-1.84	a1d1	f2f3	1r3rk1/2qn1pbp/pp1Np1p1/2p1P3/P1P2P2/3Q4/1P2PPKP/R4R2 w - - 2 18
WB	-5.37	-1.28	d6e4	e5f6	1r3rk1/2qn2bp/pp1Nppp1/2p1P3/P1P2P2/3Q1P2/1P2P1KP/R4R2 w - - 0 19
WB	-6.08	-2.35	d6e4	f1h1	1r3rk1/2q3bp/pp1Npnp1/2p5/P1P2P2/3Q1P2/1P2P1KP/R4R2 w - - 0 20
BB	-0.62	2.59	c3c7	c3e5	rnb1k2r/1p1p1ppp/p3pn2/8/4P3/1NqB4/P1PB1PPP/R2QK2R b KQkq - 1 10
BB	0.53	4.47	e5c7	f6e4	rnb1k2r/1p1p1ppp/p3pn2/4q3/4P3/1N1B4/P1PB1PPP/R2Q1RK1 b kq - 3 11
BB	4.11	0.82	f5e4	d5e4	rnb1k2r/1p4pp/p3p3/3pqp2/4P3/1N1B4/P1PB2PP/R2QR1K1 b kq - 0 14
BB	-2.65	5.71	d7e8	c6e5	r4rk1/1pqb2pp/p1n1p3/5p2/2P5/1N1Q4/P2B2PP/3RR1K1 b - - 2 20
WB	1.33	-1.12	a4b3	a4e4	rn1qkbnr/pppbpp1p/6p1/8/Q7/2N2N2/PP1PPPPP/R1B1KB1R w KQkq - 2 6
WB	0.95	-6.13	b7b3	d2d3	r2qk1nr/pQpbppbp/2n3p1/8/8/2N2N2/PP1PPPPP/R1B1KB1R w KQkq - 1 8
WB	1.37	-1.65	c4a4	c4c5	3qk1nr/p1p1ppbp/1rn1b1p1/8/2Q5/2NP1N2/PP2PPPP/R1B1KB1R w KQk - 5 11
WB	1.77	-1.61	g5d2	g5c5	3qk1nr/p1p1pp1p/1rn1bbp1/6Q1/8/2NP1N2/PP2PPPP/R1B1KB1R w KQk - 9 13
WB	1.60	-1.60	g5d2	g5c5	3qk1nr/p1p1pp1p/1rn1bbp1/6Q1/8/2NP1N2/PP2PPPP/R1B1KB1R w KQk - 13 15
WB	0.45	-2.20	f1g2	h1g1	r1bqk2r/pp2bppp/2nppn2/8/2P5/2NQ1NP1/PP2PP1P/R1B1KB1R w KQkq - 3 8
WB	-1.63	-1.24	g3g4	a2a4	r1bq1rk1/pp2bppp/2nppn2/8/2P5/2NQ1NP1/PP2PP1P/R1B1KBR1 w Q - 5 9
WB	-2.46	-10.63	c4d5	d1d4	r1bq1rk1/pp2bppp/4pn2/3p4/PnP5/2N2NP1/1P2PP1P/R1BQKBR1 w Q - 0 11
WB	-8.96	-0.52	e3d4	e3d4	r1bq1rk1/pp3ppp/4pn2/3p4/P1Pb4/2N1P1P1/1P3P1P/R1BK1BR1 w - - 0 15
WB	-7.13	-1.60	c3e4	d1e1	r1bq1rk1/pp3ppp/4p3/3p4/P1PPn3/2N3P1/1P3P1P/R1BK1BR1 w - - 1 16
WB	-7.63	-0.55	b2c3	b2c3	r1bq1rk1/pp3ppp/4p3/3p4/P1PP4/2n3P1/1P3P1P/R1B1KBR1 w - - 0 17
WB	-7.32	-0.97	f2f4	f1e2	r1bqr1k1/pp3ppp/4p3/3p4/P1PP4/2P3P1/5P1P/R1B1KBR1 w - - 1 18
WB	-7.93	-3.01	d4e5	a1b1	r1bqr1k1/pp3ppp/8/3pp3/P1PP4/2P3P1/4BP1P/R1B1K1R1 w - - 0 19
WB	-7.82	-3.93	d4e5	b1b5	r1bqr1k1/p4ppp/1p6/3pp3/P1PP4/2P3P1/4BP1P/1RB1K1R1 w - - 0 20
BB	-1.86	1.05	c6e5	d8d4	r1bqkb1r/ppp2ppp/2n5/4N3/3Pp3/8/PPP2PPP/R1BQKB1R b KQkq - 0 7
BB	-1.29	0.76	a8b8	a8d8	r3kb1r/p1p2ppp/B1p1b3/8/4p3/4B3/PPP2PPP/R2K3R b kq - 3 11
BB	-1.28	0.92	f8d6	c6c5	3rkb1r/p1p2ppp/B1p1b3/8/4p3/4B3/PPP1KPPP/R6R b k - 5 12
BB	-1.79	1.93	h8b8	h8d8	7r/p1p1bppp/4k3/2p5/2P1p3/4B3/PP2KPPP/3R4 b - - 0 18
BB	-1.12	1.12	d8d6	h7h5	3r4/p1p1bppp/4k3/2p5/2P1p3/1P2B3/P3KPPP/3R4 b - - 0 19
BB	-6.62	0.60	b7b5	g8f6	rnb1kbnr/1pqp1ppp/p3p3/8/4P3/2N3N1/PPP2PPP/R2QKB1R b KQkq - 3 8
BB	-6.40	0.60	h7h5	b8c6	rnb1kb1r/1pqp1ppp/p3pn2/8/4P3/2NB2N1/PPP2PPP/R2QK2R b KQkq - 5 9
BB	-6.13	0.99	e6d5	f6d5	r1b1kb1r/1pq2ppp/p1n1pn2/3P4/8/2NB2N1/PPPQ1PPP/R3K2R b KQkq - 0 11
BB	-6.65	0.82	c8e6	f8e7	r1b1kb1r/1pq2ppp/p1n5/3p4/8/3B2N1/PPP1QPPP/R3K2R b KQkq - 1 13
BB	-9.16	3.99	c8f5	e8g8	r1b1k2r/1pq1bppp/p1n5/3p1N2/8/3B4/PPP1QPPP/R3K2R b KQkq - 3 14
BB	-8.09	2.92	c8f5	a8b8	r1b2rk1/1pq1bppp/p1n5/3p1N2/7P/3B4/PPP1QPP1/R3K2R b KQ - 0 15
BB	-5.22	0.79	h7h6	c8f5	1rb2rk1/1p2nppp/p7/3p3P/8/3B4/PPP2PP1/R3K2R b KQ - 0 18
BB	-5.86	0.57	h7h6	g7g6	1r3rk1/1p3ppp/p7/3p1n1P/8/8/PPP2PP1/R2K3R b - - 1 20
WB	0.83	-0.51	f1e2	c1e3	r1bqkb1r/1p2pppp/p1np1n2/8/2PNP3/2N5/PP3PPP/R1BQKB1R w KQkq - 1 7
WB	0.72	-2.51	f1e2	h1h3	r1bqk2r/1p2bppp/p1nppn2/8/2PNP2P/2N1B3/PP3PP1/R2QKB1R w KQkq - 1 9
WB	-0.07	-1.94	h3g3	a2a4	r1bq1rk1/1p2bppp/p1nppn2/8/2PNP2P/2N1B2R/PP3PP1/R2QKB2 w Q - 3 10
WB	3.00	-2.94	g4g5	a4a5	r1qr2k1/1p2bppp/p1np1n2/4pP2/P1P3PP/2N1B2R/1P3P2/R2QKB2 w Q - 1 14
WB	2.17	-3.89	g4g5	h4h5	r1qr2k1/1p2bppp/p2p1n2/P3pP2/1nP3PP/2N1B2R/1P3P2/R2QKB2 w Q - 1 15
WB	-1.50	-5.82	e3b6	f2f4	r1qr2k1/1p2bppp/p4n2/P2ppP1P/1nP3P1/2N1B2R/1P3P2/R2QKB2 w Q - 0 16
WB	-7.56	-0.67	d1e2	f4e5	r1qr2k1/1p2bppp/p4n2/P3pP1P/1nPp1PP1/2N1B2R/1P6/R2QKB2 w Q - 0 17
WB	-6.99	-992.99	d1e2	d1f3	r1qr2k1/1p2bppp/p4n2/P3PP1P/1nP3P1/2N1p2R/1P6/R2QKB2 w Q - 0 18
WB	-6.80	-4.83	a1c1	f3e3	r1qrn1k1/1p2bppp/p7/P3PP1P/1nP3P1/2N1pQ1R/1P6/R3KB2 w Q - 2 19
WB	1.18	-1.80	e2e4	g2e4	r2qkbnr/pbpppppp/1p6/n7/3P4/2N3P1/PPP1PPBP/R1BQK1NR w KQkq - 3 5
WB	1.30	-1.30	d4d5	h2h4	r2qkb1r/p1pppppp/1pn5/8/3PQ3/6P1/PPP1PP1P/R1B1K1NR w KQkq - 1 9
WB	1.52	-0.91	d3h7	d3h7	r4r2/p1pq1kpp/1pnbpp2/3p4/3P3P/3Q1NP1/PPPBPP2/R4RK1 w - - 4 16
WB	2.89	-0.52	c2c4	g1g2	r2k1r2/p1pq2p1/1pnbppQ1/3p4/3P3P/5NP1/PPPBPP2/R4RK1 w - - 3 18
WB	2.42	-2.54	a4a5	f1h1	r4r2/pkpq2p1/1pnbppQ1/3p4/P2P3P/5NP1/1PPBPPK1/R4R2 w - - 1 20
WB	1.54	-2.08	g6d3	h4h5	r4r2/1kpq2p1/1pnbppQ1/p2p4/P2P3P/5NP1/1PPBPPK1/R6R w - - 0 21
BB	-1.03	0.65	g8e7	d6e5	r1bqk1nr/ppp2ppp/2np4/b3P3/2B5/B1P2N2/P4PPP/RN1QK2R b KQkq - 0 8
BB	-5.18	0.56	c8g4	g8e7	r1bn2nr/ppp3pp/5k2/b7/8/B1P2N2/P4PPP/RN2K2R b KQ - 1 12
BB	-5.78	0.91	e7f6	c6d8	r6r/ppp1k1pp/2n1b3/b5N1/8/2P5/P4PPP/RN2R1K1 b - - 5 16
BB	-6.53	2.85	e7f6	h7h5	r6r/ppp1k1pp/1b2n3/8/5P2/2P5/P5PP/RN2R2K b - - 2 19
WB	-0.38	-0.58	c1b2	b3b4	r1bq1rk1/p2nbppp/1p2pn2/3p4/3P4/1P2PN2/P1QN1PPP/1RB1KB1R w K - 0 10
WB	-0.92	-1.29	c2b3	h2h4	r2q1rk1/pb1nbppp/1p2pn2/3p4/1P1P4/4PN2/P1QN1PPP/1RB1KB1R w K - 1 11
WB	-1.59	-0.63	c2b3	c2a4	2rq1rk1/pb1nbppp/1p2pn2/3p4/1P1P3P/4PN2/P1QN1PP1/1RB1KB1R w K - 1 12
WB	-0.95	-0.93	b4b5	a4c2	r2q1rk1/pb1nbppp/1p2pn2/3p4/QP1P3P/4PN2/P2N1PP1/1RB1KB1R w K - 3 13
WB	-1.20	-1.54	c2b3	f1d3	r1q2rk1/pb1nbppp/1p2pn2/3p4/1P1P3P/4PN2/P1QN1PP1/1RB1KB1R w K - 5 14
WB	-0.95	-2.50	b4b5	h4h5	r4rk1/p2nbppp/bp2pn2/3p4/1P1P3P/4PN2/P1BN1PP1/1RB1K2R w K - 1 16
WB	-1.14	-2.48	b4b5	a2a4	r4rk1/p2nbpp1/bp2pn1p/3p3P/1P1P4/4PN2/P1BN1PP1/1RB1K2R w K - 0 17
WB	2.61	-5.06	b4b5	f3d2	2r2rk1/p2nbpp1/bp2p2p/7P/PP1PB3/4PN2/5PP1/1RB1K2R w K - 1 20
BB	-0.96	1.05	f6f3	e8g8	r1b1k2r/p1pp1pp1/2p2q1p/8/1b2P3/2N2Q2/PPP2PPP/R3KB1R b KQkq - 1 9
BB	-0.23	0.54	d7d6	b8b6	1rb2r2/2pp1pk1/2p2p1p/p7/1b2P3/2N3P1/PPPR1PBP/2K4R b - - 4 14
BB	-0.16	1.12	b4c3	b4d6	2b2r2/2pp1pk1/1rp2p1p/p7/1b2P2P/2N3P1/PPPR1PB1/2K4R b - - 0 15
BB	0.26	0.91	d6c5	c8a6	2b2r2/2pp1pk1/1rpb1p1p/p7/4P2P/6P1/PPPR1PB1/2KN3R b - - 2 16
BB	0.66	3.19	f8b8	c6c5	5r2/2pp1pk1/brpb1p1p/p7/4P2P/4N1P1/PPPR1PB1/2K4R b - - 4 17
BB	-2.08	2.00	c6e5	c5c4	r2qkb1r/1b3pp1/p1n1pn2/1pp1N2p/3P4/P3P3/BP2NPPP/R1BQ1RK1 b kq - 1 11
BB	-0.25	1.49	h5h4	c6d5	r2qkb1r/5pp1/p1b1pn2/1p5p/2pP4/PP2P3/B3NPPP/R1BQ1RK1 b kq - 0 13
BB	1.06	0.86	d8d7	f6d7	r2qkb1r/5pp1/p3pn2/7p/Q1pP4/P3P3/4NPPP/R1B2RK1 b kq - 1 16
BB	1.61	3.01	f8e7	h8h6	r2qkb1r/3n1pp1/p3p3/7p/2QP4/P3P3/4NPPP/R1B2RK1 b kq - 0 17
BB	-1.53	0.85	g5g4	f8g7	rnbqkbnr/pppp1p1p/8/6p1/3PPp2/5N2/PPP3PP/RNBQKB1R b KQkq - 0 4
BB	-2.87	8.27	c8g4	g7d4	r1b1k1nr/ppp1qpbp/2n5/6N1/3P1p2/5NP1/PPP1B2P/R1BQK2R b KQkq - 2 9
BB	0.04	0.84	c8g4	d4b2	r1b1k1nr/ppp1qp1p/2n5/6N1/3b1B2/5NP1/PPP1B2P/R2QK2R b KQkq - 0 10
BB	-6.55	1.71	c8h3	h8g8	r1b1k2r/ppp1np1p/2n2q2/1B6/8/4RNP1/P1P4P/3QK2R b Kkq - 5 17
BB	-6.85	1006.84	c8d7	a7a5	r1b1k1r1/ppp1np1p/2n2q2/1B6/8/3R1NP1/P1P4P/3QK2R b Kq - 7 18
BB	-6.14	1006.13	e7c6	b7c6	r1b1k1r1/1pp1np1p/2B2q2/p7/8/3R1NP1/P1P4P/3QK2R b Kq - 0 19
BB	-2.91	2.05	a7a5	c8b7	r1b2rk1/p1ppqppp/2p5/2b1P3/6P1/2P5/P1PBQPBP/R3K2R b KQ - 2 12
BB	-0.46	1.03	a7a5	a8b8	r4rk1/pbppqppp/1bp5/4P3/P5P1/2P5/2PBQPBP/R4RK1 b - - 0 14
BB	0.08	0.94	b7c8	b7a8	1r3rk1/pbppqppp/P1p5/2b1P3/6P1/2P5/2PBQPBP/R4RK1 b - - 0 16
BB	0.41	0.82	d7d6	g8h8	br3rk1/p1ppqppp/P1p5/2b1P3/6P1/2P5/2PBQPBP/1R3RK1 b - - 2 17
BB	0.48	1.40	b8b1	f8g8	br3r1k/p1ppqppp/P1p5/2b1P3/5BP1/2P5/2P1QPBP/1R3RK1 b - - 4 18
BB	1.70	0.66	b8b1	d7d6	br4rk/p1ppqppp/P1p5/2b1P1P1/5B2/2P5/2P1QPBP/1R3RK1 b - - 0 19
BB	1.31	1.94	b8b1	d6d5	br4rk/p1p1qppp/P1pp4/2b1P1P1/5B2/2P5/2P1QPBP/1R2R1K1 b - - 1 20
